1, 42, 105, 4222
2, 47, 194, 5390
3, 44, 290, 3339
4, 58, 385, 1687
5, 55, 488, 226
6, 39, 590, 370
7, 22, 664, 3120
8, 45, 764, 1894
9, 36, 838, 176
10, 7, 910, 3389
11, 24, 1003, 4595
12, 30, 1092, 963
13, 22, 1183, 4710
14, 45, 1256, 4168
15, 10, 1362, 4556
16, 42, 1438, 5692
17, 9, 1545, 3217
18, 13, 1651, 4676
19, 40, 1751, 6362
20, 60, 1826, 2857
21, 41, 1922, 5728
22, 22, 2030, 1661
23, 46, 2125, 6529
24, 7, 2214, 5538
25, 40, 2320, 1508
26, 51, 2428, 4782
27, 50, 2503, 3488
28, 16, 2609, 3477
29, 15, 2717, 3424
30, 16, 2811, 5106
31, 47, 2909, 3091
32, 46, 3013, 3327
33, 54, 3090, 3450
34, 20, 3193, 4946
35, 18, 3268, 3046
36, 56, 3349, 6548
37, 56, 3434, 771
38, 41, 3535, 6309
39, 24, 3625, 511
40, 46, 4037, 2930
41, 44, 4577, 5184
42, 46, 4981, 6090
43, 22, 5509, 5972
44, 16, 5925, 7135
45, 36, 6421, 3982
46, 39, 6902, 4369
47, 47, 7382, 1084
48, 42, 7879, 5009
49, 52, 8322, 2278
50, 23, 8825, 1739
51, 57, 9355, 6486
52, 3, 9778, 4878
53, 17, 10185, 4713
54, 31, 10584, 6561
55, 37, 11071, 3492
56, 22, 11594, 128
57, 22, 12077, 4707
58, 57, 12593, 672
59, 20, 13044, 5312
60, 14, 13541, 3232
61, 22, 13990, 115
62, 31, 14358, 3816
63, 29, 14745, 7113
64, 49, 15248, 6490
65, 42, 15664, 4410
66, 38, 16110, 156
67, 32, 16475, 1505
68, 23, 16988, 1912
69, 25, 17501, 3723
70, 21, 17912, 5916
71, 40, 18411, 3011
72, 32, 18786, 3966
73, 3, 19231, 682
74, 33, 19609, 6149
75, 14, 20109, 155
76, 4, 20626, 1978
77, 54, 21131, 387
78, 34, 21533, 5814
79, 29, 21960, 853
80, 55, 22189, 3419
81, 55, 22422, 2027
82, 55, 22677, 1489
83, 37, 22861, 3392
84, 42, 23067, 5854
85, 15, 23307, 5223
86, 17, 23532, 1773
87, 35, 23745, 7060
88, 44, 23935, 5121
89, 58, 24150, 1091
90, 12, 24369, 1628
91, 17, 24608, 1022
92, 18, 24842, 4442
93, 33, 25084, 4258
94, 50, 25264, 2051
95, 22, 25347, 5484
96, 51, 25425, 2155
97, 26, 25498, 6187
98, 58, 25570, 1266
99, 29, 25672, 3414
100, 18, 25771, 2567
101, 7, 25856, 6337
102, 26, 25956, 2620
103, 46, 26051, 4841
104, 30, 26124, 443
105, 18, 26232, 1885
106, 8, 26340, 4609
107, 54, 26442, 2207
108, 9, 26516, 3177
109, 26, 26614, 6582
110, 49, 26693, 5568
111, 45, 26779, 3541
112, 42, 26869, 4606
113, 25, 26951, 5992
114, 26, 27024, 3625
115, 28, 27099, 5875
116, 50, 27204, 4326
117, 12, 27309, 5973
118, 16, 27384, 5965
119, 16, 27466, 2617
120, 49, 27559, 5632
121, 18, 27644, 2328
122, 21, 27731, 480
123, 54, 27834, 1819
124, 3, 27930, 6409
125, 5, 28006, 1860
126, 25, 28087, 2064
127, 17, 28164, 4464
128, 43, 28252, 2295
129, 41, 28347, 1661
130, 28, 28434, 6472
131, 31, 28527, 289
132, 39, 28616, 4134
133, 17, 28719, 7071
134, 12, 28805, 3062
135, 31, 28845, 5970
136, 13, 28888, 3716
137, 41, 28924, 4798
138, 25, 28975, 1913
139, 60, 29021, 6093
140, 19, 29075, 6007
141, 57, 29118, 7068
142, 46, 29163, 3363
143, 16, 29201, 965
144, 29, 29249, 4576
145, 27, 29285, 5336
146, 12, 29333, 5717
147, 26, 29380, 6426
148, 30, 29420, 3852
149, 20, 29474, 2167
150, 11, 29515, 437
151, 58, 29563, 3108
152, 54, 29601, 4745
153, 11, 29649, 2822
154, 31, 29701, 5861
155, 17, 29751, 5144
156, 49, 29791, 4008
157, 26, 29828, 2311
158, 4, 29865, 4145
159, 39, 29911, 1269
160, 26, 29955, 4993
161, 11, 30003, 4088
162, 16, 30050, 355
163, 55, 30103, 1388
164, 18, 30157, 3647
165, 38, 30201, 3675
166, 45, 30240, 6679
167, 44, 30278, 6401
168, 11, 30321, 1102
169, 56, 30357, 2454
170, 32, 30405, 1491
171, 9, 30447, 6423
172, 34, 30486, 711
173, 16, 30532, 5474
174, 55, 30576, 1137
175, 46, 30618, 5333
176, 36, 30664, 1407
177, 22, 30706, 4435
178, 32, 30743, 4706
179, 59, 30796, 4868
180, 37, 30833, 644
181, 27, 30875, 3066
182, 3, 30917, 4927
183, 47, 30955, 2246
184, 52, 31009, 4660
185, 41, 31056, 3676
186, 5, 31097, 1147
187, 29, 31144, 1101
188, 28, 31187, 2421
189, 5, 31237, 1604
190, 30, 31279, 250
191, 43, 31324, 6809
192, 42, 31369, 5754
193, 19, 31417, 5030
194, 20, 31471, 5157
195, 51, 31513, 2975
196, 53, 31565, 7191
197, 24, 31610, 6163
198, 20, 31662, 3422
199, 58, 31699, 5130
200, 8, 31750, 2886
201, 53, 31798, 5241
202, 51, 31835, 3168
203, 46, 31885, 5126
204, 57, 31932, 4540
205, 42, 31977, 5612
206, 14, 32019, 2796
207, 14, 32071, 4161
208, 26, 32122, 3562
209, 46, 32158, 452
210, 41, 32201, 4887
211, 8, 32247, 517
212, 36, 32284, 4317
213, 16, 32325, 840
214, 34, 32378, 2679
215, 14, 32431, 5034
216, 48, 32459, 4268
217, 8, 32488, 3396
218, 40, 32515, 3496
219, 4, 32551, 6964
220, 23, 32577, 5303
221, 11, 32603, 7084
222, 24, 32635, 3239
223, 43, 32661, 5288
224, 27, 32693, 6571
225, 12, 32717, 5840
226, 39, 32745, 6528
227, 30, 32769, 5965
228, 45, 32798, 5343
229, 29, 32826, 1900
230, 39, 32862, 6954
231, 37, 32887, 3338
232, 32, 32912, 3203
233, 52, 32943, 4146
234, 16, 32971, 5788
235, 29, 32998, 2376
236, 36, 33033, 515
237, 20, 33068, 2839
238, 4, 33098, 4036
239, 16, 33133, 1491
240, 46, 33164, 4061
241, 26, 33191, 1843
242, 28, 33222, 4773
243, 34, 33251, 4983
244, 21, 33279, 3045
245, 36, 33305, 699
246, 35, 33336, 3480
247, 53, 33369, 3224
248, 11, 33397, 4620
249, 45, 33426, 4795
250, 54, 33458, 6863
251, 5, 33487, 4079
252, 50, 33512, 6936
253, 60, 33539, 5604
254, 24, 33566, 886
255, 48, 33600, 5017
256, 47, 33630, 5052
257, 17, 33657, 3906
258, 51, 33692, 3690
259, 28, 33717, 6448
260, 18, 33750, 5770
261, 26, 33784, 2668
262, 38, 33819, 670
263, 19, 33854, 4925
264, 13, 33889, 1865
265, 53, 33925, 6345
266, 35, 33961, 2857
267, 31, 33987, 3432
268, 60, 34012, 4219
269, 57, 34043, 853
270, 53, 34071, 589
271, 15, 34106, 2799
272, 8, 34130, 6795
273, 48, 34165, 6652
274, 34, 34195, 1940
275, 48, 34222, 5533
276, 10, 34255, 6599
277, 31, 34291, 4009
278, 20, 34325, 4084
279, 18, 34358, 1741
280, 40, 34382, 3115
281, 40, 34418, 5411
282, 26, 34446, 354
283, 33, 34481, 3880
284, 41, 34508, 2466
285, 26, 34543, 5503
286, 13, 34573, 2351
287, 60, 34604, 1307
288, 26, 34634, 3246
289, 30, 34665, 5438
290, 46, 34690, 5418
291, 53, 34726, 6210
292, 18, 34760, 3310
293, 4, 34795, 106
294, 30, 34829, 5330
295, 51, 34855, 6594
296, 20, 34888, 4025
297, 57, 34918, 7084
298, 11, 34942, 5677
299, 59, 34968, 2981
300, 33, 34993, 4837
301, 28, 35019, 2567
302, 8, 35050, 6833
303, 4, 35079, 5470
304, 51, 35110, 2846
305, 52, 35146, 1877
306, 16, 35173, 3154
307, 5, 35205, 6636
308, 17, 35240, 2888
309, 4, 35268, 2789
310, 59, 35302, 6045
311, 17, 35336, 5761
312, 5, 35369, 2037
313, 10, 35398, 6942
314, 14, 35430, 7151
315, 28, 35454, 4712
316, 37, 35483, 5421
317, 3, 35512, 5104
318, 48, 35536, 2114
319, 12, 35568, 1261
320, 36, 35592, 484
321, 32, 35617, 4198
322, 27, 35649, 721
323, 39, 35683, 5547
324, 19, 35718, 5068
325, 34, 35746, 6431
326, 16, 35777, 1192
327, 44, 35807, 4348
328, 51, 35832, 3944
329, 12, 35867, 1535
330, 14, 35902, 4364
331, 54, 35932, 5674
332, 32, 35963, 4490
333, 34, 35988, 1643
334, 40, 36012, 1613
335, 43, 36038, 351
336, 54, 36060, 3394
337, 21, 36079, 4676
338, 26, 36099, 5225
339, 48, 36126, 6314
340, 27, 36150, 258
341, 38, 36174, 4677
342, 60, 36197, 2500
343, 5, 36222, 3668
344, 6, 36249, 6080
345, 39, 36275, 5957
346, 49, 36298, 5339
347, 26, 36322, 2139
348, 54, 36345, 5236
349, 13, 36371, 2682
350, 22, 36391, 1234
351, 35, 36416, 6947
352, 51, 36435, 3371
353, 30, 36454, 2276
354, 45, 36475, 1471
355, 20, 36494, 2385
356, 27, 36515, 3538
357, 60, 36534, 6143
358, 49, 36560, 1775
359, 22, 36584, 3960
360, 44, 36607, 4602
361, 21, 36633, 6419
362, 46, 36659, 3337
363, 32, 36683, 5107
364, 36, 36702, 5215
365, 10, 36726, 3143
366, 34, 36749, 1741
367, 6, 36771, 4915
368, 16, 36792, 2597
369, 14, 36815, 2377
370, 39, 36839, 5772
371, 54, 36857, 2158
372, 22, 36875, 5280
373, 59, 36898, 2098
374, 40, 36922, 5300
375, 51, 36949, 526
376, 11, 36974, 3422
377, 30, 37000, 5367
378, 39, 37024, 1960
379, 40, 37045, 6657
380, 15, 37071, 5691
381, 40, 37089, 4815
382, 4, 37115, 3697
383, 34, 37139, 4514
384, 15, 37160, 6361
385, 53, 37183, 2932
386, 44, 37207, 4752
387, 44, 37229, 1187
388, 15, 37252, 1200
389, 35, 37277, 6016
390, 31, 37304, 3714
391, 41, 37322, 6851
392, 12, 37344, 2258
393, 35, 37371, 3574
394, 52, 37390, 5005
395, 16, 37417, 7083
396, 26, 37436, 1375
397, 11, 37460, 6795
398, 36, 37485, 4775
399, 54, 37504, 2379
400, 32, 37531, 6491
401, 19, 37554, 547
402, 55, 37581, 5326
403, 12, 37606, 224
404, 7, 37631, 3949
405, 30, 37657, 5768
406, 31, 37678, 5642
407, 32, 37703, 6106
408, 32, 37724, 6585
409, 41, 37742, 5957
410, 41, 37763, 4669
411, 58, 37787, 579
412, 57, 37812, 254
413, 57, 37834, 1504
414, 9, 37860, 6123
415, 51, 37887, 2557
416, 12, 37914, 4005
417, 59, 37940, 3496
418, 33, 37960, 5316
419, 20, 37987, 275
420, 37, 38013, 897
421, 3, 38040, 6329
422, 38, 38058, 5599
423, 8, 38076, 1460
424, 16, 38096, 4592
425, 47, 38117, 5108
426, 26, 38143, 689
427, 33, 38169, 1682
428, 22, 38188, 4442
429, 50, 38210, 6413
430, 53, 38231, 1585
431, 41, 38258, 2862
432, 24, 38285, 2024
433, 34, 38309, 4507
434, 23, 38333, 3911
435, 25, 38360, 4367
436, 14, 38383, 1280
437, 17, 38404, 2267
438, 42, 38426, 6221
439, 53, 38444, 3011
440, 57, 38463, 2724
441, 14, 38485, 4330
442, 59, 38512, 724
443, 19, 38532, 5454
444, 47, 38556, 4015
445, 29, 38575, 6609
446, 20, 38594, 3570
447, 5, 38617, 6141
448, 41, 38635, 3073
449, 43, 38661, 4423
450, 51, 38679, 5929
451, 10, 38704, 4100
452, 28, 38725, 1303
453, 24, 38748, 4146
454, 45, 38775, 2448
455, 4, 38800, 3908
456, 45, 38823, 4170
457, 40, 38847, 88
458, 27, 38872, 4195
459, 3, 38895, 5975
460, 5, 38920, 5265
461, 14, 38945, 3726
462, 30, 38969, 67
463, 47, 38993, 6717
464, 55, 39020, 867
465, 46, 39041, 6381
466, 31, 39061, 911
467, 41, 39083, 2301
468, 50, 39101, 3075
469, 11, 39122, 5031
470, 5, 39148, 2775
471, 17, 39170, 2931
472, 41, 39196, 4316
473, 38, 39218, 5279
474, 21, 39243, 6232
475, 27, 39265, 6744
476, 16, 39287, 424
477, 29, 39308, 2290
478, 35, 39335, 4537
479, 43, 39361, 151
480, 37, 39380, 5842
481, 5, 39405, 3990
482, 12, 39429, 2454
483, 17, 39451, 7120
484, 22, 39469, 4177
485, 9, 39494, 7080
486, 25, 39518, 5481
487, 49, 39542, 6727
488, 35, 39560, 7197
489, 14, 39586, 4031
490, 50, 39604, 4535
491, 31, 39627, 20
492, 35, 39647, 5163
493, 6, 39671, 3120
494, 36, 39695, 6262
495, 11, 39715, 4569
496, 43, 39742, 2769
497, 31, 39763, 1296
498, 53, 39783, 6316
499, 33, 39807, 6280
500, 33, 39834, 447
501, 47, 39856, 392
502, 19, 39878, 2349
503, 44, 39899, 3738
504, 21, 39918, 6432
505, 23, 39944, 6908
506, 12, 39969, 4700
507, 34, 39992, 5620
508, 11, 40015, 2688
509, 24, 40034, 736
510, 57, 40057, 1958
511, 5, 40083, 1369
512, 17, 40109, 6259
513, 45, 40135, 3523
514, 49, 40160, 979
515, 23, 40181, 1602
516, 47, 40207, 5209
517, 4, 40229, 2941
518, 21, 40248, 5873
519, 35, 40274, 3384
520, 56, 40299, 4327
521, 5, 40319, 703
522, 21, 40342, 174
523, 46, 40369, 1266
524, 5, 40393, 5237
525, 37, 40412, 1735
526, 10, 40436, 3057
527, 9, 40458, 213
528, 50, 40481, 6100
529, 44, 40504, 2818
530, 36, 40522, 5369
531, 50, 40542, 1822
532, 13, 40561, 5020
533, 6, 40586, 2383
534, 39, 40604, 100
535, 8, 40627, 6170
536, 59, 40654, 189
537, 16, 40679, 2532
538, 25, 40697, 868
539, 45, 40722, 3527
540, 21, 40743, 6228
541, 41, 40770, 6207
542, 6, 40792, 1770
543, 23, 40813, 3018
544, 35, 40840, 5523
545, 20, 40867, 6743
546, 5, 40890, 7002
547, 52, 40912, 1303
548, 31, 40936, 7117
549, 13, 40960, 3804
550, 34, 40986, 4885
551, 58, 41011, 6072
552, 12, 41030, 1923
553, 46, 41050, 1035
554, 3, 41071, 4918
555, 14, 41090, 3985
556, 18, 41117, 6582
557, 19, 41136, 7157
558, 22, 41159, 3943
559, 59, 41182, 5795
560, 36, 41207, 5941
561, 11, 41229, 1989
562, 28, 41250, 1898
563, 38, 41271, 1630
564, 53, 41289, 4871
565, 37, 41309, 242
566, 3, 41334, 5880
567, 40, 41353, 5056
568, 36, 41375, 6454
569, 42, 41396, 950
570, 25, 41414, 4660
571, 19, 41441, 3273
572, 34, 41460, 1694
573, 57, 41479, 5238
574, 27, 41497, 4189
575, 42, 41523, 1167
576, 5, 41548, 6315
577, 15, 41572, 7181
578, 55, 41598, 3036
579, 37, 41622, 5761
580, 5, 41649, 1306
581, 33, 41676, 2672
582, 48, 41701, 2510
583, 19, 41728, 658
584, 39, 41746, 818
585, 53, 41771, 15
586, 51, 41791, 1399
587, 15, 41816, 1593
588, 10, 41839, 5039
589, 14, 41860, 3914
590, 58, 41886, 1109
591, 27, 41907, 5806
592, 49, 41928, 2760
593, 53, 41951, 2398
594, 59, 41976, 3933
595, 40, 42000, 6481
596, 5, 42018, 747
597, 29, 42040, 2283
598, 17, 42058, 3181
599, 17, 42078, 5096
600, 25, 42100, 6078
601, 19, 42125, 4188
602, 19, 42152, 5322
603, 36, 42173, 6705
604, 48, 42195, 4138
605, 17, 42221, 2485
606, 40, 42241, 2231
607, 3, 42259, 4763
608, 16, 42277, 1288
609, 42, 42301, 5999
610, 37, 42326, 4086
611, 44, 42346, 6689
612, 15, 42369, 6478
613, 17, 42395, 6671
614, 56, 42421, 5930
615, 33, 42440, 5042
616, 12, 42463, 6428
617, 28, 42486, 1699
618, 50, 42512, 965
619, 7, 42531, 2046
620, 25, 42557, 1951
621, 6, 42581, 385
622, 40, 42605, 5222
623, 40, 42630, 2607
624, 34, 42654, 5304
625, 24, 42674, 1767
626, 15, 42698, 2730
627, 52, 42723, 3718
628, 44, 42745, 1114
629, 26, 42767, 2276
630, 23, 42790, 369
631, 41, 42808, 6007
632, 56, 42835, 1405
633, 58, 42861, 4819
634, 9, 42887, 4737
635, 17, 42911, 4952
636, 54, 42935, 4833
637, 34, 42954, 2877
638, 14, 42975, 4929
639, 41, 42996, 4171
640, 16, 43017, 529
641, 42, 43038, 4547
642, 33, 43064, 3742
643, 18, 43090, 6340
644, 26, 43109, 3678
645, 44, 43136, 5723
646, 8, 43158, 3883
647, 43, 43180, 5812
648, 27, 43201, 186
649, 8, 43229, 1954
650, 11, 43257, 4842
651, 40, 43289, 2113
652, 21, 43324, 120
653, 45, 43352, 2551
654, 49, 43377, 2442
655, 50, 43403, 1297
656, 36, 43439, 5047
657, 21, 43463, 3990
658, 56, 43491, 2988
659, 21, 43516, 3845
660, 23, 43552, 1153
661, 39, 43578, 4106
662, 53, 43606, 3932
663, 40, 43632, 5119
664, 37, 43661, 2365
665, 11, 43694, 3731
666, 5, 43722, 3188
667, 33, 43756, 6663
668, 46, 43781, 2593
669, 53, 43816, 3322
670, 44, 43840, 5497
671, 26, 43867, 585
672, 27, 43900, 2689
673, 8, 43936, 1763
674, 18, 43962, 1863
675, 9, 43991, 5572
676, 42, 44026, 4275
677, 8, 44060, 1288
678, 55, 44092, 5477
679, 33, 44121, 2131
680, 42, 44153, 2323
681, 5, 44186, 5671
682, 17, 44218, 2279
683, 24, 44250, 1551
684, 21, 44285, 3484
685, 11, 44315, 3217
686, 38, 44341, 5233
687, 52, 44373, 2813
688, 37, 44408, 2113
689, 16, 44436, 6154
690, 59, 44471, 6848
691, 9, 44504, 2993
692, 44, 44529, 2910
693, 22, 44557, 6469
694, 42, 44582, 229
695, 35, 44615, 6435
696, 20, 44639, 2443
697, 32, 44671, 2801
698, 55, 44702, 1238
699, 36, 44731, 1468
700, 8, 44767, 4652
701, 53, 44802, 2338
702, 26, 44834, 4965
703, 19, 44868, 3320
704, 41, 44900, 3655
705, 60, 44929, 6641
706, 34, 44961, 4864
707, 14, 44988, 5137
708, 25, 45018, 3546
709, 12, 45051, 3347
710, 33, 45086, 5413
711, 48, 45116, 3591
712, 16, 45151, 6078
713, 10, 45179, 669
714, 59, 45203, 2606
715, 14, 45231, 5063
716, 10, 45267, 6198
717, 13, 45299, 4940
718, 31, 45323, 5143
719, 12, 45358, 6332
720, 9, 45382, 5727
721, 22, 45413, 5786
722, 21, 45439, 6316
723, 26, 45475, 585
724, 20, 45499, 1939
725, 30, 45528, 143
726, 8, 45562, 4126
727, 48, 45593, 2341
728, 40, 45625, 741
729, 47, 45649, 2564
730, 14, 45681, 3203
731, 30, 45710, 3332
732, 36, 45742, 1871
733, 50, 45778, 6749
734, 35, 45813, 3726
735, 5, 45846, 3359
736, 44, 45870, 718
737, 54, 45894, 382
738, 3, 45928, 5082
739, 60, 45964, 7090
740, 22, 45994, 6410
741, 55, 46024, 6350
742, 55, 46055, 5663
743, 18, 46083, 7138
744, 5, 46115, 3289
745, 46, 46145, 7106
746, 7, 46179, 2173
747, 53, 46206, 101
748, 53, 46230, 6213
749, 29, 46260, 5592
750, 20, 46287, 5200
751, 48, 46322, 3135
752, 10, 46349, 3859
753, 33, 46378, 4008
754, 14, 46405, 1796
755, 14, 46432, 4869
756, 18, 46463, 415
757, 5, 46488, 6529
758, 30, 46518, 2009
759, 3, 46545, 6237
760, 42, 46575, 1297
761, 48, 46602, 4136
762, 13, 46638, 1469
763, 54, 46669, 5271
764, 36, 46700, 2456
765, 26, 46734, 2294
766, 52, 46766, 5936
767, 34, 46790, 109
768, 60, 46815, 6692
769, 43, 46854, 1364
770, 17, 46894, 6033
771, 23, 46937, 4905
772, 38, 46979, 5982
773, 35, 47028, 4016
774, 34, 47065, 4427
775, 60, 47115, 462
776, 23, 47157, 6562
777, 13, 47199, 6283
778, 24, 47237, 6080
779, 35, 47279, 2790
780, 30, 47332, 2631
781, 11, 47383, 4948
782, 43, 47436, 1704
783, 3, 47484, 4129
784, 59, 47536, 5957
785, 39, 47579, 5601
786, 43, 47625, 5475
787, 27, 47668, 3176
788, 26, 47706, 1913
789, 41, 47754, 602
790, 25, 47799, 1010
791, 55, 47839, 5645
792, 22, 47876, 4239
793, 9, 47928, 984
794, 36, 47968, 1444
795, 43, 48021, 3251
796, 42, 48060, 5733
797, 15, 48104, 5960
798, 55, 48144, 2508
799, 44, 48181, 3808
800, 50, 48218, 6722
801, 40, 48266, 5878
802, 31, 48314, 6641
803, 34, 48352, 3566
804, 17, 48389, 436
805, 34, 48434, 1736
806, 34, 48476, 2936
807, 4, 48515, 2869
808, 30, 48562, 1599
809, 16, 48602, 2104
810, 16, 48652, 1688
811, 33, 48705, 682
812, 21, 48750, 2799
813, 13, 48787, 2846
814, 14, 48833, 5119
815, 27, 48883, 311
816, 17, 48930, 5309
817, 8, 48984, 5025
818, 54, 49037, 5872
819, 8, 49074, 1985
820, 56, 49123, 807
821, 14, 49172, 4129
822, 46, 49208, 1497
823, 59, 49247, 3789
824, 27, 49291, 7156
825, 19, 49331, 2716
826, 18, 49380, 4302
827, 4, 49424, 1583
828, 50, 49471, 817
829, 32, 49519, 215
830, 25, 49555, 2154
831, 31, 49597, 2942
832, 34, 49647, 6875
833, 49, 49694, 3027
834, 55, 49747, 3251
835, 49, 49790, 3711
836, 31, 49836, 1967
837, 24, 49879, 69
838, 48, 49921, 5078
839, 14, 49970, 4487
840, 3, 50008, 7069
841, 14, 50046, 3215
842, 54, 50086, 1171
843, 46, 50138, 1291
844, 43, 50185, 3665
845, 33, 50236, 5708
846, 41, 50274, 832
847, 59, 50325, 5501
848, 5, 50370, 6063
849, 15, 50423, 3008
850, 32, 50462, 1449
851, 56, 50512, 3828
852, 24, 50550, 6098
853, 22, 50594, 4931
854, 39, 50637, 6765
855, 20, 50685, 6668
856, 6, 50725, 4327
857, 20, 50762, 2519
858, 11, 50803, 1669
859, 15, 50845, 1253
860, 34, 50899, 1641
861, 10, 50946, 4423
862, 20, 50998, 6221
863, 57, 51035, 2704
864, 53, 51075, 7079
865, 47, 51118, 1158
866, 20, 51172, 5780
867, 45, 51210, 5151
868, 14, 51259, 4937
869, 33, 51309, 4787
870, 26, 51353, 2553
871, 56, 51393, 2683
872, 36, 51440, 733
873, 35, 51493, 3686
874, 17, 51537, 5562
875, 13, 51585, 501
876, 19, 51623, 1331
877, 20, 51664, 5621
878, 57, 51718, 2781
879, 3, 51763, 4619
880, 11, 51805, 1184
881, 27, 51848, 5743
882, 17, 51891, 30
883, 54, 51938, 2975
884, 48, 51974, 6305
885, 43, 52022, 3109
886, 6, 52068, 847
887, 45, 52120, 4099
888, 35, 52169, 6367
889, 26, 52222, 3444
890, 42, 52264, 3862
891, 7, 52309, 4533
892, 13, 52361, 6983
893, 27, 52414, 1314
894, 9, 52465, 3682
895, 30, 52508, 5280
896, 20, 52548, 4720
897, 36, 52599, 7197
898, 16, 52639, 991
899, 44, 52688, 1572
900, 25, 52737, 3411
901, 35, 52790, 4530
902, 53, 52838, 1673
903, 33, 52884, 1422
904, 42, 52931, 2596
905, 10, 52977, 1862
906, 42, 53021, 3659
907, 28, 53063, 6238
908, 43, 53117, 2576
909, 23, 53168, 6005
910, 31, 53209, 3643
911, 40, 53248, 5441
912, 20, 53291, 6263
913, 47, 53329, 3698
914, 52, 53374, 5621
915, 40, 53417, 1451
916, 34, 53463, 5994
917, 12, 53508, 1827
918, 43, 53546, 4474
919, 52, 53584, 5236
920, 5, 53633, 3943
921, 11, 53676, 2378
922, 33, 53729, 4404
923, 48, 53783, 366
924, 13, 53832, 2926
925, 15, 53881, 2246
926, 27, 53922, 5246
927, 56, 53975, 4206
928, 15, 54016, 1446
929, 13, 54052, 2848
930, 7, 54082, 6389
931, 4, 54118, 6514
932, 57, 54147, 1088
933, 30, 54181, 349
934, 24, 54210, 7107
935, 28, 54243, 5210
936, 5, 54270, 6686
937, 3, 54299, 3163
938, 55, 54323, 3978
939, 52, 54358, 5058
940, 43, 54392, 1507
941, 56, 54424, 1788
942, 23, 54457, 4649
943, 18, 54489, 674
944, 18, 54514, 2614
945, 6, 54547, 5909
946, 3, 54581, 6507
947, 9, 54615, 1928
948, 22, 54644, 6726
949, 58, 54671, 1004
950, 35, 54696, 5799
951, 57, 54728, 356
952, 12, 54760, 6303
953, 41, 54794, 4358
954, 48, 54830, 5596
955, 10, 54858, 3131
956, 12, 54883, 5666
957, 43, 54907, 5193
958, 37, 54935, 7172
959, 53, 54962, 4994
960, 54, 54994, 4386
961, 11, 55026, 2970
962, 42, 55059, 3042
963, 29, 55085, 1763
964, 57, 55113, 1648
965, 60, 55148, 4351
966, 23, 55176, 3570
967, 47, 55205, 4109
968, 11, 55232, 5893
969, 31, 55265, 664
970, 6, 55295, 521
971, 54, 55319, 5213
972, 45, 55348, 27
973, 30, 55375, 6071
974, 16, 55406, 6591
975, 53, 55440, 1301
976, 25, 55466, 3205
977, 53, 55502, 4817
978, 9, 55538, 6592
979, 49, 55570, 1147
980, 10, 55600, 5442
981, 39, 55632, 5843
982, 60, 55663, 3114
983, 37, 55696, 5866
984, 21, 55728, 2806
985, 42, 55763, 3713
986, 56, 55789, 7113
987, 49, 55825, 1531
988, 4, 55859, 3608
989, 42, 55889, 7020
990, 57, 55917, 2730
991, 16, 55951, 2384
992, 26, 55979, 5450
993, 25, 56013, 3251
994, 27, 56043, 4393
995, 45, 56069, 6194
996, 52, 56101, 2585
997, 56, 56126, 4981
998, 57, 56159, 3371
999, 49, 56188, 5206
1000, 27, 56219, 6775
1001, 20, 56250, 1390
1002, 4, 56281, 2345
1003, 14, 56313, 2756
1004, 8, 56342, 3716
1005, 50, 56368, 7083
1006, 35, 56394, 399
1007, 17, 56426, 6541
1008, 47, 56460, 1050
1009, 21, 56494, 117
1010, 50, 56529, 5549
1011, 22, 56562, 1129
1012, 15, 56587, 3938
1013, 12, 56619, 3495
1014, 15, 56650, 2400
1015, 43, 56682, 5848
1016, 50, 56712, 4575
1017, 16, 56745, 587
1018, 47, 56773, 4089
1019, 58, 56806, 4929
1020, 27, 56837, 716
1021, 33, 56872, 3296
1022, 28, 56905, 903
1023, 52, 56933, 3852
1024, 5, 56958, 4081
1025, 45, 56992, 351
1026, 16, 57019, 676
1027, 51, 57055, 31
1028, 11, 57089, 3961
1029, 25, 57123, 4816
1030, 3, 57151, 5149
1031, 14, 57185, 248
1032, 10, 57217, 5216
1033, 18, 57247, 5360
1034, 11, 57273, 3571
1035, 10, 57305, 4977
1036, 7, 57329, 5350
1037, 39, 57358, 4301
1038, 53, 57382, 3708
1039, 15, 57407, 1287
1040, 56, 57433, 2861
1041, 17, 57457, 5398
1042, 45, 57490, 5820
1043, 45, 57517, 1409
1044, 12, 57547, 3187
1045, 11, 57573, 6615
1046, 29, 57600, 4403
1047, 56, 57632, 6521
1048, 56, 57666, 3176
1049, 23, 57693, 806
1050, 24, 57724, 7064
1051, 52, 57760, 6851
1052, 26, 57788, 3454
1053, 40, 57813, 3900
1054, 6, 57849, 4553
1055, 29, 57873, 2613
1056, 34, 57900, 5071
1057, 34, 57930, 3396
1058, 44, 57963, 6279
1059, 22, 57995, 7187
1060, 18, 58023, 278
1061, 38, 58058, 6944
1062, 13, 58092, 4763
1063, 42, 58119, 4341
1064, 35, 58153, 3337
1065, 7, 58179, 2823
1066, 31, 58214, 2268
1067, 10, 58238, 3785
1068, 49, 58269, 4442
1069, 44, 58295, 3509
1070, 30, 58327, 5467
1071, 15, 58358, 4477
1072, 11, 58387, 3684
1073, 47, 58411, 4343
1074, 6, 58443, 3815
1075, 43, 58471, 5448
1076, 53, 58498, 1387
1077, 46, 58533, 5839
1078, 44, 58559, 6918
1079, 26, 58583, 3773
1080, 49, 58613, 1834
1081, 55, 58643, 2505
1082, 47, 58678, 6557
1083, 52, 58709, 682
1084, 9, 58739, 1308
1085, 32, 58763, 5412
1086, 22, 58795, 646
1087, 53, 58820, 6642
1088, 33, 58846, 6701
1089, 10, 58876, 421
1090, 16, 58907, 5796
1091, 48, 58932, 2244
1092, 21, 58958, 6524
1093, 20, 58984, 4182
1094, 40, 59014, 3158
1095, 33, 59042, 1785
1096, 43, 59066, 4748
1097, 26, 59102, 875
1098, 17, 59135, 2778
1099, 29, 59159, 103
1100, 19, 59194, 5500
1101, 17, 59226, 2533
1102, 30, 59256, 4391
1103, 38, 59284, 816
1104, 51, 59319, 4689
1105, 50, 59345, 5341
1106, 5, 59376, 6186
1107, 19, 59407, 2962
1108, 23, 59441, 3948
1109, 21, 59477, 2246
1110, 45, 59509, 4079
1111, 17, 59537, 4956
1112, 9, 59573, 5169
1113, 26, 59606, 4577
1114, 50, 59638, 4289
1115, 51, 59666, 5412
1116, 4, 59699, 2512
1117, 4, 59728, 1713
1118, 51, 59763, 6987
1119, 5, 59794, 4046
1120, 27, 59821, 6491
1121, 19, 59848, 2134
1122, 27, 59880, 5215
1123, 50, 59915, 1345
1124, 56, 59948, 5689
1125, 47, 59978, 4942
1126, 24, 60013, 3732
1127, 41, 60046, 5011
1128, 33, 60080, 6452
1129, 5, 60109, 2393
1130, 48, 60138, 1281
1131, 55, 60173, 6804
1132, 33, 60198, 2777
1133, 49, 60231, 4670
1134, 11, 60258, 2960
1135, 40, 60286, 4002
1136, 45, 60314, 7178
1137, 19, 60348, 5475
1138, 25, 60381, 948
1139, 52, 60406, 1414
1140, 22, 60442, 4613
1141, 30, 60472, 3236
1142, 29, 60496, 5239
1143, 37, 60524, 1298
1144, 27, 60554, 3771
1145, 44, 60583, 3568
1146, 22, 60616, 2016
1147, 37, 60650, 427
1148, 34, 60674, 7009
1149, 30, 60710, 5198
1150, 23, 60738, 734
1151, 24, 60774, 3490
1152, 14, 60806, 6906
1153, 29, 60839, 1157
1154, 24, 60869, 2137
1155, 5, 60898, 3516
1156, 33, 60922, 4883
1157, 29, 60950, 270
1158, 14, 60982, 5300
1159, 51, 61012, 1434
1160, 33, 61042, 4593
1161, 43, 61073, 6268
1162, 45, 61103, 2939
1163, 11, 61137, 7037
1164, 51, 61163, 17
1165, 58, 61187, 4853
1166, 15, 61211, 6899
1167, 6, 61240, 1201
1168, 12, 61269, 2101
1169, 35, 61299, 2426
1170, 11, 61333, 7033
1171, 50, 61357, 2891
1172, 15, 61386, 4155
1173, 10, 61414, 6239
1174, 29, 61442, 982
1175, 53, 61467, 1680
1176, 45, 61500, 5121
1177, 12, 61533, 4454
1178, 60, 61557, 4158
1179, 59, 61591, 6945
1180, 29, 61620, 2284
1181, 59, 61655, 648
1182, 33, 61691, 6219
1183, 19, 61723, 3023
1184, 47, 61750, 1385
1185, 7, 61785, 6229
1186, 49, 61809, 6514
1187, 46, 61840, 2866
1188, 8, 61864, 7062
1189, 53, 61894, 1912
1190, 12, 61918, 6349
1191, 54, 61949, 2151
1192, 40, 61983, 4214
1193, 10, 62007, 4199
1194, 44, 62035, 1967
1195, 5, 62071, 3758
1196, 54, 62107, 6636
1197, 54, 62139, 2935
1198, 11, 62168, 216
1199, 49, 62201, 721
1200, 40, 62225, 899
1201, 27, 62252, 1540
1202, 48, 62277, 2576
1203, 46, 62313, 6185
1204, 11, 62345, 5200
1205, 54, 62379, 5597
1206, 10, 62404, 4400
1207, 56, 62433, 5986
1208, 23, 62469, 2454
1209, 15, 62496, 3759
1210, 24, 62524, 3761
1211, 31, 62559, 2806
1212, 48, 62593, 4219
1213, 34, 62625, 645
1214, 30, 62652, 5173
1215, 40, 62682, 5188
1216, 9, 62708, 3656
1217, 30, 62732, 481
1218, 34, 62762, 3546
1219, 24, 62793, 178
1220, 32, 62817, 266
1221, 16, 62851, 4285
1222, 34, 62875, 5116
1223, 43, 62910, 1644
1224, 45, 62939, 3584
1225, 22, 62971, 4091
1226, 50, 62998, 1769
1227, 51, 63030, 4671
1228, 14, 63057, 4763
1229, 53, 63086, 5953
1230, 36, 63114, 3421
1231, 19, 63143, 3084
1232, 42, 63177, 5795
1233, 46, 63210, 6715
1234, 55, 63237, 6544
1235, 22, 63272, 1837
1236, 42, 63298, 6038
1237, 54, 63327, 6360
1238, 39, 63362, 3215
1239, 6, 63391, 129
1240, 47, 63424, 1441
1241, 44, 63458, 3149
1242, 24, 63485, 3086
1243, 19, 63521, 3022
1244, 16, 63551, 5262
1245, 57, 63586, 3744
1246, 13, 63615, 4500
1247, 29, 63648, 6817
1248, 28, 63684, 2829
1249, 60, 63719, 6735
1250, 59, 63751, 6864
1251, 58, 63787, 6009
1252, 46, 63814, 246
1253, 38, 63846, 2057
1254, 16, 63880, 5605
1255, 29, 63906, 3421
1256, 51, 63941, 3339
1257, 60, 63971, 2078
1258, 23, 63997, 3345
1259, 30, 64033, 2536
1260, 9, 64058, 1679
1261, 15, 64090, 2539
1262, 20, 64122, 6360
1263, 27, 64147, 4341
1264, 5, 64174, 2866
1265, 48, 64203, 5637
1266, 52, 64236, 5808
1267, 29, 64263, 3442
1268, 29, 64298, 2861
1269, 17, 64324, 3438
1270, 14, 64354, 413
1271, 42, 64382, 115
1272, 56, 64417, 6011
1273, 32, 64443, 425
1274, 19, 64478, 3148
1275, 25, 64504, 6916
1276, 19, 64530, 7161
1277, 15, 64558, 5166
1278, 27, 64582, 6261
1279, 60, 64606, 4141
1280, 17, 64634, 3337
1281, 19, 64659, 1080
1282, 13, 64689, 2565
1283, 13, 64713, 7121
1284, 30, 64740, 1107
1285, 6, 64775, 4687
1286, 32, 64805, 5463
1287, 28, 64839, 5119
1288, 40, 64863, 713
1289, 53, 64888, 3071
1290, 6, 64915, 4099
1291, 59, 64945, 1844
1292, 8, 64970, 577
1293, 24, 64999, 218
1294, 10, 65034, 1159
1295, 30, 65068, 6411
1296, 7, 65099, 5340
1297, 60, 65135, 2409
1298, 53, 65165, 4585
1299, 25, 65198, 919
1300, 44, 65234, 6523
1301, 54, 65263, 1009
1302, 36, 65296, 2870
1303, 43, 65321, 5878
1304, 36, 65355, 3179
1305, 57, 65390, 3445
1306, 42, 65421, 300
1307, 33, 65453, 3346
1308, 30, 65487, 6191
1309, 47, 65515, 875
1310, 28, 65543, 2621
1311, 34, 65578, 6217
1312, 5, 65603, 3621
1313, 12, 65637, 5789
1314, 54, 65668, 6407
1315, 59, 65704, 1525
1316, 42, 65740, 1670
1317, 52, 65767, 6747
1318, 38, 65794, 1168
1319, 36, 65828, 4762
1320, 34, 65864, 5844
1321, 42, 65888, 797
1322, 6, 65922, 892
1323, 46, 65952, 443
1324, 13, 65986, 2223
1325, 33, 66010, 1060
1326, 31, 66035, 1008
1327, 51, 66070, 5233
1328, 19, 66103, 5376
1329, 43, 66136, 1556
1330, 40, 66164, 4783
1331, 55, 66196, 3422
1332, 18, 66224, 4039
1333, 43, 66249, 2223
1334, 34, 66281, 6201
1335, 26, 66305, 6768
1336, 37, 66340, 4626
1337, 56, 66372, 4518
1338, 42, 66406, 6809
1339, 59, 66430, 737
1340, 41, 66457, 3411
1341, 44, 66486, 127
1342, 20, 66517, 3897
1343, 35, 66544, 6656
1344, 19, 66568, 4753
1345, 50, 66594, 1426
1346, 39, 66621, 1337
1347, 19, 66656, 4198
1348, 31, 66690, 5151
1349, 12, 66718, 5678
1350, 5, 66751, 392
1351, 40, 66776, 4149
1352, 9, 66807, 6510
1353, 34, 66837, 5922
1354, 57, 66869, 5426
1355, 22, 66897, 2490
1356, 17, 66922, 2441
1357, 21, 66947, 2329
1358, 13, 66983, 6528
1359, 3, 67016, 1732
1360, 40, 67052, 6781
1361, 25, 67088, 5270
1362, 17, 67123, 1070
1363, 7, 67149, 6406
1364, 48, 67184, 4840
1365, 49, 67218, 4569
1366, 33, 67250, 4809
1367, 38, 67282, 5490
1368, 23, 67310, 4040
1369, 28, 67344, 6861
1370, 15, 67374, 586
1371, 35, 67410, 4061
1372, 33, 67446, 1771
1373, 11, 67471, 5738
1374, 23, 67497, 1021
1375, 29, 67529, 2484
1376, 14, 67557, 3873
1377, 20, 67593, 4037
1378, 31, 67629, 1852
1379, 37, 67659, 2647
1380, 4, 67695, 5067
1381, 40, 67721, 6434
1382, 30, 67754, 186
1383, 31, 67789, 1907
1384, 48, 67821, 935
1385, 57, 67850, 3867
1386, 50, 67879, 1050
1387, 44, 67914, 6674
1388, 5, 67946, 7013
1389, 34, 67974, 2377
1390, 22, 67998, 1502
1391, 41, 68028, 3788
1392, 16, 68053, 739
1393, 56, 68086, 1404
1394, 56, 68117, 2744
1395, 39, 68147, 7010
1396, 54, 68176, 3511
1397, 56, 68206, 3578
1398, 19, 68236, 6476
1399, 6, 68267, 717
1400, 54, 68303, 2903
1401, 15, 68327, 2678
1402, 5, 68362, 1414
1403, 19, 68391, 1697
1404, 48, 68421, 6405
1405, 52, 68468, 4682
1406, 37, 68515, 5307
1407, 35, 68555, 1257
1408, 59, 68595, 5813
1409, 21, 68640, 6603
1410, 32, 68683, 6797
1411, 46, 68720, 4687
1412, 50, 68759, 1175
1413, 28, 68807, 272
1414, 4, 68861, 5762
1415, 7, 68908, 1336
1416, 14, 68953, 6361
1417, 41, 68993, 6541
1418, 55, 69034, 2952
1419, 25, 69071, 6240
1420, 22, 69122, 6777
1421, 41, 69172, 4562
1422, 28, 69225, 1393
1423, 10, 69269, 1320
1424, 29, 69316, 6854
1425, 20, 69353, 3404
1426, 51, 69398, 2541
1427, 37, 69452, 369
1428, 43, 69501, 5304
1429, 54, 69540, 422
1430, 31, 69587, 4207
1431, 21, 69636, 1969
1432, 23, 69677, 4113
1433, 38, 69715, 5494
1434, 51, 69751, 6326
1435, 33, 69803, 6180
1436, 31, 69841, 1087
1437, 10, 69888, 3470
1438, 59, 69929, 1280
1439, 9, 69966, 5887
1440, 28, 70003, 6965
1441, 60, 70045, 3085
1442, 23, 70096, 6681
1443, 12, 70134, 3881
1444, 10, 70182, 2426
1445, 49, 70236, 1531
1446, 50, 70280, 4739
1447, 43, 70323, 501
1448, 16, 70367, 3744
1449, 7, 70408, 4019
1450, 44, 70458, 4246
1451, 20, 70501, 1539
1452, 24, 70541, 3881
1453, 7, 70587, 2945
1454, 35, 70627, 5387
1455, 7, 70672, 1644
1456, 9, 70710, 6366
1457, 17, 70762, 4485
1458, 43, 70802, 5469
1459, 42, 70838, 6723
1460, 12, 70874, 2525
1461, 13, 70919, 1087
1462, 43, 70963, 526
1463, 60, 71001, 6221
1464, 27, 71052, 1597
1465, 43, 71098, 6038
1466, 34, 71147, 2031
1467, 22, 71195, 5479
1468, 38, 71233, 5827
1469, 39, 71285, 6254
1470, 6, 71336, 1577
1471, 11, 71373, 2686
1472, 21, 71424, 4870
1473, 27, 71476, 849
1474, 45, 71519, 5814
1475, 9, 71567, 6539
1476, 54, 71619, 4814
1477, 5, 71658, 6554
1478, 59, 71703, 6896
1479, 45, 71753, 3089
1480, 45, 71806, 3611
1481, 13, 71843, 3159
1482, 51, 71897, 6601
1483, 49, 71937, 4095
1484, 26, 71977, 5733
1485, 30, 72030, 4324
1486, 36, 72073, 105
1487, 35, 72110, 2017
1488, 55, 72160, 3359
1489, 4, 72209, 3632
1490, 4, 72249, 5613
1491, 5, 72293, 6440
1492, 46, 72333, 617
1493, 8, 72379, 6305
1494, 17, 72416, 5674
1495, 36, 72462, 6197
1496, 54, 72499, 4170
1497, 7, 72553, 3789
1498, 4, 72589, 2447
1499, 14, 72641, 1116
1500, 3, 72687, 6827
1501, 33, 72728, 5503
1502, 54, 72774, 6274
1503, 49, 72828, 1983
1504, 46, 72874, 3141
1505, 25, 72913, 2621
1506, 55, 72950, 2017
1507, 7, 73004, 5048
1508, 37, 73050, 2467
1509, 27, 73103, 3932
1510, 4, 73143, 5920
1511, 10, 73180, 2986
1512, 8, 73232, 2205
1513, 47, 73270, 454
1514, 52, 73323, 4411
1515, 57, 73364, 7020
1516, 31, 73407, 3569
1517, 42, 73457, 3757
1518, 59, 73504, 838
1519, 27, 73551, 2699
1520, 48, 73605, 5838
1521, 17, 73655, 4718
1522, 32, 73706, 4187
1523, 31, 73742, 855
1524, 5, 73783, 4244
1525, 17, 73837, 6336
1526, 32, 73883, 3405
1527, 22, 73919, 4664
1528, 29, 73971, 5702
1529, 36, 74022, 1188
1530, 34, 74074, 7065
1531, 54, 74123, 958
1532, 13, 74167, 1084
1533, 16, 74221, 2186
1534, 12, 74267, 3312
1535, 8, 74309, 1008
1536, 53, 74360, 2981
1537, 53, 74412, 1595
1538, 53, 74453, 846
1539, 36, 74504, 3432
1540, 31, 74554, 302
1541, 41, 74607, 373
1542, 29, 74657, 4544
1543, 20, 74706, 906
1544, 23, 74751, 645
1545, 21, 74795, 4605
1546, 55, 74831, 2692
1547, 51, 74874, 1022
1548, 47, 74925, 3959
1549, 52, 74966, 872
1550, 8, 75018, 6734
1551, 53, 75064, 3805
1552, 39, 75114, 2925
1553, 45, 75150, 3627
1554, 12, 75202, 2687
1555, 19, 75256, 7069
1556, 15, 75304, 6974
1557, 3, 75349, 6172
1558, 53, 75387, 4287
1559, 51, 75423, 343
1560, 54, 75476, 2213
1561, 29, 75512, 3950
1562, 41, 75559, 56
1563, 5, 75595, 1088
1564, 43, 75639, 6888
1565, 48, 75662, 5508
1566, 18, 75689, 4194
1567, 23, 75710, 2787
1568, 6, 75734, 1710
1569, 8, 75758, 4552
1570, 5, 75779, 1449
1571, 14, 75802, 1791
1572, 56, 75827, 471
1573, 14, 75845, 3644
1574, 16, 75867, 4740
1575, 49, 75891, 2938
1576, 26, 75917, 4876
1577, 56, 75937, 3076
1578, 33, 75956, 5228
1579, 27, 75980, 992
1580, 18, 75999, 360
1581, 59, 76019, 4959
1582, 56, 76042, 6003
1583, 8, 76061, 5967
1584, 29, 76086, 1742
1585, 4, 76112, 4967
1586, 22, 76131, 6776
1587, 11, 76153, 3700
1588, 38, 76179, 5458
1589, 8, 76198, 3786
1590, 8, 76216, 7079
1591, 16, 76234, 3372
1592, 53, 76257, 7119
1593, 37, 76284, 5305
1594, 39, 76302, 845
1595, 4, 76324, 985
1596, 19, 76351, 976
1597, 45, 76372, 2780
1598, 13, 76397, 3463
1599, 15, 76415, 4579
1600, 28, 76442, 4207
1601, 9, 76469, 6545
1602, 23, 76488, 4376
1603, 51, 76509, 2284
1604, 43, 76528, 162
1605, 52, 76552, 3088
1606, 36, 76575, 841
1607, 45, 76597, 3712
1608, 18, 76620, 4948
1609, 40, 76638, 5111
1610, 34, 76657, 2199
1611, 33, 76680, 4905
1612, 18, 76703, 5042
1613, 4, 76725, 4758
1614, 32, 76750, 5355
1615, 7, 76776, 4423
1616, 36, 76794, 3238
1617, 19, 76814, 3463
1618, 57, 76838, 3240
1619, 17, 76856, 3846
1620, 20, 76881, 3915
1621, 6, 76905, 4461
1622, 9, 76924, 5987
1623, 59, 76951, 5647
1624, 22, 76978, 3591
1625, 23, 77000, 6908
1626, 42, 77026, 6844
1627, 27, 77045, 2152
1628, 3, 77065, 576
1629, 39, 77083, 1714
1630, 42, 77102, 4196
1631, 52, 77124, 5389
1632, 20, 77146, 3923
1633, 3, 77170, 2894
1634, 12, 77192, 4744
1635, 57, 77213, 2002
1636, 27, 77240, 1565
1637, 23, 77260, 4999
1638, 57, 77286, 2677
1639, 55, 77308, 4093
1640, 56, 77326, 5873
1641, 35, 77353, 5276
1642, 47, 77379, 5937
1643, 39, 77404, 4267
1644, 34, 77422, 4830
1645, 14, 77448, 2722
1646, 60, 77468, 2906
1647, 38, 77489, 5881
1648, 17, 77514, 1114
1649, 37, 77532, 806
1650, 60, 77552, 363
1651, 49, 77577, 2189
1652, 59, 77601, 6457
1653, 4, 77627, 4686
1654, 55, 77652, 7177
1655, 9, 77672, 3781
1656, 36, 77691, 7038
1657, 36, 77714, 4223
1658, 15, 77737, 4266
1659, 25, 77762, 487
1660, 31, 77784, 6963
1661, 56, 77805, 2641
1662, 34, 77827, 3843
1663, 43, 77851, 5101
1664, 46, 77874, 6744
1665, 53, 77895, 2975
1666, 23, 77920, 5132
1667, 18, 77939, 870
1668, 28, 77966, 3725
1669, 54, 77991, 4220
1670, 33, 78015, 874
1671, 49, 78035, 403
1672, 25, 78054, 6495
1673, 19, 78081, 3039
1674, 14, 78102, 1169
1675, 52, 78121, 3196
1676, 31, 78140, 7084
1677, 21, 78162, 5350
1678, 18, 78185, 5490
1679, 23, 78209, 3557
1680, 13, 78235, 3699
1681, 4, 78261, 3116
1682, 13, 78279, 2918
1683, 59, 78305, 3053
1684, 54, 78329, 5955
1685, 42, 78354, 4737
1686, 11, 78378, 5004
1687, 38, 78405, 6001
1688, 48, 78425, 5112
1689, 47, 78443, 5868
1690, 43, 78465, 2813
1691, 8, 78484, 2781
1692, 54, 78510, 6874
1693, 20, 78529, 6163
1694, 9, 78555, 457
1695, 44, 78579, 6814
1696, 9, 78606, 1045
1697, 10, 78626, 4429
1698, 40, 78649, 6499
1699, 10, 78670, 5777
1700, 24, 78697, 5674
1701, 48, 78715, 5240
1702, 17, 78739, 5344
1703, 10, 78759, 3365
1704, 45, 78783, 2956
1705, 45, 78804, 730
1706, 48, 78829, 685
1707, 35, 78847, 1265
1708, 14, 78870, 4217
1709, 46, 78889, 6354
1710, 41, 78916, 1483
1711, 49, 78934, 4621
1712, 39, 78958, 3410
1713, 51, 78985, 7124
1714, 44, 79006, 381
1715, 43, 79026, 1043
1716, 58, 79047, 6544
1717, 47, 79069, 1417
1718, 45, 79090, 6693
1719, 49, 79109, 6621
1720, 7, 79134, 6919
1721, 15, 79161, 1575
1722, 13, 79188, 7050
1723, 57, 79207, 5402
1724, 17, 79229, 2345
1725, 10, 79250, 3324
1726, 51, 79270, 2464
1727, 14, 79291, 157
1728, 48, 79318, 3928
1729, 34, 79343, 2692
1730, 57, 79365, 5229
1731, 40, 79388, 5963
1732, 37, 79406, 454
1733, 53, 79426, 3449
1734, 40, 79444, 4052
1735, 26, 79469, 1093
1736, 21, 79490, 2267
1737, 32, 79517, 4920
1738, 6, 79537, 6170
1739, 17, 79561, 3895
1740, 28, 79586, 355
1741, 32, 79608, 7042
1742, 42, 79630, 294
1743, 12, 79652, 6238
1744, 44, 79672, 3160
1745, 16, 79699, 1709
1746, 23, 79719, 2014
1747, 33, 79739, 4826
1748, 22, 79761, 5226
1749, 41, 79781, 6091
1750, 57, 79802, 3371
1751, 20, 79827, 6181
1752, 29, 79853, 6427
1753, 7, 79872, 5700
1754, 38, 79892, 99
1755, 54, 79919, 2672
1756, 55, 79943, 3297
1757, 4, 79969, 5801
1758, 54, 79992, 6346
1759, 10, 80017, 2577
1760, 25, 80035, 6836
1761, 41, 80053, 6366
1762, 44, 80071, 5880
1763, 20, 80092, 3085
1764, 57, 80119, 4648
1765, 8, 80144, 3535
1766, 59, 80170, 5700
1767, 44, 80190, 5666
1768, 37, 80216, 6316
1769, 42, 80237, 3780
1770, 47, 80263, 5226
1771, 19, 80282, 1893
1772, 37, 80307, 6254
1773, 48, 80333, 6161
1774, 32, 80354, 1426
1775, 23, 80380, 2877
1776, 57, 80407, 5804
1777, 44, 80429, 340
1778, 33, 80447, 5389
1779, 42, 80473, 3118
1780, 19, 80498, 6792
1781, 26, 80522, 6701
1782, 15, 80542, 4422
1783, 28, 80569, 72
1784, 36, 80587, 64
1785, 46, 80606, 328
1786, 51, 80624, 3917
1787, 4, 80644, 2680
1788, 50, 80663, 2189
1789, 32, 80682, 2785
1790, 26, 80703, 4252
1791, 4, 80722, 5758
1792, 24, 80747, 2996
1793, 28, 80772, 6906
1794, 59, 80798, 3193
1795, 12, 80820, 191
1796, 39, 80841, 2896
1797, 5, 80865, 2666
1798, 33, 80891, 4368
1799, 44, 80917, 1587
1800, 59, 80939, 5411
1801, 46, 80959, 3777
1802, 59, 80983, 4958
1803, 51, 81002, 550
1804, 51, 81022, 6491
1805, 44, 81049, 3123
1806, 36, 81068, 3161
1807, 18, 81095, 7011
1808, 57, 81120, 6883
1809, 12, 81144, 211
1810, 30, 81164, 6418
1811, 60, 81184, 6379
1812, 23, 81211, 6240
1813, 20, 81235, 4766
1814, 30, 81258, 2537
1815, 3, 81284, 3095
1816, 48, 81309, 4012
1817, 11, 81328, 5461
1818, 22, 81353, 5125
1819, 52, 81380, 3373
1820, 31, 81404, 3740
1821, 44, 81423, 5948
1822, 32, 81446, 2114
1823, 52, 81470, 4580
1824, 8, 81496, 919
1825, 43, 81519, 1954
1826, 16, 81539, 5310
1827, 50, 81565, 6559
1828, 29, 81587, 5296
1829, 49, 81607, 1852
1830, 11, 81634, 4228
1831, 10, 81658, 5347
1832, 35, 81685, 2988
1833, 12, 81712, 3688
1834, 29, 81735, 2995
1835, 21, 81761, 212
1836, 46, 81784, 1583
1837, 5, 81810, 11
1838, 59, 81831, 591
1839, 32, 81852, 7078
1840, 23, 81872, 2488
1841, 44, 81891, 1380
1842, 55, 81918, 1867
1843, 22, 81940, 5732
1844, 20, 81959, 4561
1845, 9, 81984, 3727
1846, 50, 82008, 6430
1847, 29, 82033, 6149
1848, 34, 82058, 3614
1849, 33, 82084, 4145
1850, 37, 82109, 4375
1851, 20, 82133, 6109
1852, 20, 82155, 2873
1853, 18, 82178, 3973
1854, 22, 82198, 24
1855, 29, 82222, 1385
1856, 25, 82241, 3064
1857, 5, 82261, 3142
1858, 8, 82287, 4110
1859, 52, 82311, 6125
1860, 7, 82338, 3536
1861, 11, 82360, 5636
1862, 59, 82382, 1916
1863, 41, 82400, 6389
1864, 18, 82426, 4633
1865, 56, 82449, 3733
1866, 60, 82472, 3206
1867, 31, 82497, 5530
1868, 57, 82521, 3008
1869, 49, 82543, 936
1870, 6, 82569, 1682
1871, 7, 82591, 6556
1872, 8, 82612, 6815
1873, 37, 82636, 4278
1874, 22, 82660, 993
1875, 22, 82679, 4469
1876, 56, 82697, 1821
1877, 48, 82724, 3942
1878, 4, 82743, 6016
1879, 60, 82762, 4112
1880, 58, 82783, 6149
1881, 52, 82806, 910
1882, 17, 82841, 1059
1883, 18, 82871, 1632
1884, 8, 82902, 6010
1885, 59, 82936, 5496
1886, 17, 82971, 5346
1887, 54, 83006, 6633
1888, 56, 83042, 3563
1889, 58, 83071, 5314
1890, 60, 83096, 5081
1891, 43, 83130, 6822
1892, 14, 83163, 895
1893, 54, 83194, 6927
1894, 59, 83228, 5748
1895, 46, 83257, 2288
1896, 35, 83284, 3615
1897, 13, 83312, 3108
1898, 25, 83348, 4540
1899, 60, 83380, 6860
1900, 12, 83407, 3868
1901, 34, 83433, 5275
1902, 44, 83458, 1664
1903, 27, 83487, 491
1904, 35, 83520, 3275
1905, 7, 83555, 3303
1906, 17, 83586, 4001
1907, 20, 83620, 2662
1908, 39, 83646, 2544
1909, 7, 83673, 1529
1910, 13, 83699, 7021
1911, 10, 83728, 3612
1912, 42, 83760, 3638
1913, 9, 83788, 6763
1914, 20, 83822, 7081
1915, 31, 83858, 4187
1916, 52, 83888, 201
1917, 44, 83918, 7076
1918, 53, 83953, 5574
1919, 20, 83986, 6777
1920, 16, 84012, 4685
1921, 36, 84044, 2363
1922, 28, 84077, 1537
1923, 25, 84104, 1782
1924, 23, 84132, 4421
1925, 52, 84162, 1994
1926, 27, 84194, 6610
1927, 6, 84229, 5314
1928, 22, 84258, 4259
1929, 3, 84283, 7131
1930, 16, 84319, 4017
1931, 3, 84345, 5062
1932, 43, 84377, 2592
1933, 6, 84403, 1717
1934, 60, 84435, 7016
1935, 4, 84470, 2842
1936, 25, 84500, 2684
1937, 33, 84536, 4706
1938, 32, 84563, 1837
1939, 13, 84595, 2152
1940, 15, 84631, 19
1941, 22, 84663, 2655
1942, 45, 84696, 4086
1943, 40, 84722, 1271
1944, 42, 84755, 3186
1945, 22, 84784, 2783
1946, 46, 84811, 4687
1947, 51, 84846, 3717
1948, 20, 84877, 6787
1949, 28, 84902, 1404
1950, 33, 84938, 2399
1951, 13, 84967, 7116
1952, 17, 84998, 5840
1953, 44, 85029, 6268
1954, 56, 85062, 1164
1955, 18, 85095, 4815
1956, 11, 85130, 5732
1957, 16, 85155, 1508
1958, 22, 85189, 1526
1959, 47, 85220, 3363
1960, 33, 85248, 4267
1961, 49, 85276, 3404
1962, 39, 85306, 1587
1963, 13, 85342, 4132
1964, 12, 85366, 5323
1965, 55, 85401, 5084
1966, 43, 85427, 2029
1967, 39, 85455, 654
1968, 54, 85485, 1075
1969, 10, 85510, 3958
1970, 16, 85535, 4591
1971, 60, 85561, 2130
1972, 35, 85587, 1391
1973, 28, 85613, 4346
1974, 12, 85643, 550
1975, 15, 85673, 316
1976, 22, 85698, 1896
1977, 34, 85728, 6632
1978, 9, 85752, 4062
1979, 27, 85788, 725
1980, 8, 85823, 2320
1981, 55, 85851, 1561
1982, 7, 85883, 3527
1983, 22, 85919, 4221
1984, 15, 85943, 206
1985, 25, 85979, 6955
1986, 17, 86014, 2676
1987, 4, 86044, 4607
1988, 45, 86072, 1720
1989, 57, 86100, 4937
1990, 52, 86133, 4023
1991, 30, 86166, 49
1992, 7, 86190, 4507
1993, 8, 86214, 4926
1994, 44, 86241, 1070
1995, 34, 86267, 5076
1996, 60, 86297, 6371
1997, 52, 86326, 3361
1998, 6, 86356, 2099
1999, 40, 86386, 64
