1, 50, 111, 665
2, 26, 250, 2625
3, 5, 390, 5852
4, 39, 505, 4250
5, 44, 639, 5876
6, 9, 778, 4735
7, 5, 909, 6548
8, 29, 1044, 6378
9, 14, 1185, 2928
10, 34, 1305, 4935
11, 34, 1401, 3439
12, 14, 1515, 6650
13, 53, 1620, 2712
14, 59, 1759, 2134
15, 26, 1881, 3436
16, 53, 1977, 5840
17, 51, 2121, 1687
18, 44, 2227, 4332
19, 49, 2324, 4084
20, 51, 2431, 4372
21, 21, 2543, 2685
22, 27, 2664, 2320
23, 52, 2808, 1858
24, 26, 2920, 5758
25, 26, 3034, 4828
26, 16, 3168, 4270
27, 23, 3302, 7095
28, 43, 3418, 2469
29, 4, 3539, 3355
30, 36, 3642, 4342
31, 41, 4137, 7106
32, 15, 4765, 472
33, 25, 5335, 5218
34, 29, 6038, 2901
35, 45, 6606, 2331
36, 45, 7299, 3746
37, 7, 8016, 6301
38, 22, 8629, 2794
39, 9, 9313, 5335
40, 13, 9874, 1452
41, 11, 10400, 5677
42, 31, 10929, 1121
43, 48, 11563, 6559
44, 31, 12149, 4641
45, 16, 12848, 2201
46, 31, 13404, 38
47, 4, 13957, 1651
48, 46, 14621, 3203
49, 19, 15186, 1683
50, 16, 15719, 6299
51, 33, 16246, 5443
52, 31, 16761, 6134
53, 60, 17381, 3616
54, 22, 17943, 3021
55, 29, 18514, 6708
56, 4, 19077, 1237
57, 7, 19749, 990
58, 6, 20447, 3563
59, 43, 21042, 4378
60, 34, 21584, 1090
61, 53, 22233, 1118
62, 37, 22474, 5589
63, 12, 22790, 6239
64, 24, 23136, 826
65, 23, 23492, 1815
66, 44, 23825, 4173
67, 41, 24135, 438
68, 14, 24431, 3570
69, 26, 24729, 1738
70, 7, 25004, 5236
71, 42, 25306, 5389
72, 9, 25404, 6155
73, 38, 25532, 6194
74, 18, 25628, 5767
75, 24, 25746, 5046
76, 3, 25884, 3921
77, 11, 26014, 3657
78, 20, 26156, 6912
79, 57, 26299, 5810
80, 28, 26438, 6194
81, 19, 26564, 566
82, 14, 26691, 2139
83, 23, 26829, 5787
84, 52, 26925, 1627
85, 45, 27027, 2804
86, 41, 27169, 133
87, 57, 27274, 3759
88, 28, 27392, 5442
89, 39, 27512, 3106
90, 42, 27622, 5579
91, 43, 27757, 651
92, 54, 27895, 2673
93, 25, 28005, 4356
94, 51, 28138, 4443
95, 43, 28244, 6021
96, 21, 28369, 5568
97, 43, 28504, 3162
98, 47, 28603, 2453
99, 42, 28726, 6302
100, 15, 28860, 7085
101, 58, 28932, 2796
102, 26, 28997, 1937
103, 30, 29061, 115
104, 57, 29112, 3561
105, 49, 29170, 6979
106, 22, 29220, 5544
107, 38, 29274, 3871
108, 14, 29324, 4815
109, 12, 29393, 4944
110, 31, 29446, 1419
111, 6, 29515, 3525
112, 45, 29576, 600
113, 23, 29630, 3894
114, 19, 29692, 578
115, 48, 29752, 1682
116, 9, 29824, 5956
117, 52, 29893, 6125
118, 52, 29948, 3004
119, 39, 30016, 2183
120, 31, 30071, 4112
121, 49, 30131, 1505
122, 32, 30200, 6168
123, 11, 30258, 1120
124, 36, 30309, 5986
125, 10, 30364, 3760
126, 15, 30432, 6089
127, 48, 30489, 565
128, 53, 30550, 3902
129, 6, 30622, 2872
130, 13, 30684, 2749
131, 56, 30733, 3705
132, 46, 30781, 3990
133, 12, 30839, 2533
134, 18, 30908, 4989
135, 30, 30974, 7194
136, 52, 31023, 6424
137, 15, 31073, 5251
138, 27, 31137, 5026
139, 36, 31197, 1164
140, 40, 31263, 5915
141, 8, 31333, 6086
142, 59, 31381, 6302
143, 24, 31452, 2972
144, 22, 31502, 6990
145, 20, 31551, 2065
146, 37, 31614, 6864
147, 9, 31673, 4825
148, 55, 31739, 5301
149, 32, 31801, 5906
150, 34, 31852, 5709
151, 9, 31921, 1434
152, 53, 31986, 6049
153, 30, 32043, 5978
154, 60, 32105, 720
155, 18, 32166, 608
156, 28, 32225, 2985
157, 56, 32285, 5880
158, 17, 32344, 435
159, 35, 32392, 4958
160, 36, 32444, 4508
161, 13, 32476, 372
162, 7, 32516, 3060
163, 23, 32564, 6275
164, 47, 32601, 5731
165, 23, 32643, 6940
166, 31, 32685, 893
167, 56, 32723, 5891
168, 43, 32771, 6759
169, 47, 32811, 4526
170, 35, 32858, 1529
171, 21, 32903, 5193
172, 59, 32942, 1031
173, 36, 32974, 6436
174, 21, 33021, 1436
175, 27, 33056, 5543
176, 49, 33094, 901
177, 11, 33133, 6652
178, 59, 33173, 3375
179, 28, 33211, 2675
180, 4, 33257, 4207
181, 5, 33299, 6628
182, 31, 33338, 4798
183, 4, 33373, 5658
184, 32, 33414, 566
185, 10, 33459, 3562
186, 60, 33497, 5758
187, 60, 33544, 4473
188, 21, 33585, 1401
189, 13, 33619, 5064
190, 47, 33665, 6536
191, 13, 33711, 6728
192, 17, 33757, 3871
193, 19, 33789, 7098
194, 50, 33828, 3550
195, 34, 33867, 247
196, 20, 33908, 4727
197, 24, 33956, 3905
198, 55, 33998, 4107
199, 56, 34030, 6426
200, 13, 34066, 261
201, 12, 34109, 5145
202, 7, 34144, 1374
203, 49, 34192, 1464
204, 52, 34236, 4438
205, 19, 34269, 26
206, 15, 34301, 1489
207, 4, 34341, 2055
208, 14, 34389, 5743
209, 39, 34434, 4696
210, 55, 34469, 2603
211, 3, 34507, 2308
212, 12, 34539, 6293
213, 19, 34573, 4029
214, 48, 34609, 7117
215, 21, 34643, 4221
216, 53, 34688, 1395
217, 9, 34722, 6120
218, 42, 34754, 2502
219, 8, 34798, 6955
220, 59, 34830, 5310
221, 25, 34870, 3427
222, 7, 34911, 3889
223, 49, 34955, 42
224, 36, 34997, 5232
225, 18, 35030, 611
226, 35, 35071, 1208
227, 48, 35111, 3351
228, 22, 35148, 396
229, 48, 35190, 943
230, 49, 35228, 2683
231, 14, 35275, 6872
232, 59, 35323, 3627
233, 5, 35363, 1847
234, 23, 35411, 4167
235, 19, 35458, 1336
236, 39, 35497, 1794
237, 6, 35545, 903
238, 34, 35588, 1504
239, 10, 35634, 3692
240, 36, 35671, 1065
241, 56, 35711, 4159
242, 56, 35747, 4260
243, 8, 35790, 2024
244, 26, 35832, 4758
245, 29, 35865, 1605
246, 52, 35902, 3364
247, 44, 35943, 3418
248, 3, 35988, 4467
249, 45, 36026, 4078
250, 11, 36057, 4036
251, 22, 36082, 2717
252, 30, 36112, 169
253, 9, 36147, 6627
254, 46, 36175, 6748
255, 9, 36211, 6251
256, 3, 36246, 5302
257, 56, 36279, 5706
258, 27, 36308, 2301
259, 15, 36343, 5359
260, 40, 36371, 1388
261, 12, 36399, 5039
262, 33, 36426, 5026
263, 41, 36457, 3514
264, 15, 36490, 358
265, 48, 36523, 1613
266, 27, 36551, 2034
267, 45, 36575, 849
268, 30, 36602, 149
269, 9, 36627, 3487
270, 52, 36652, 5194
271, 33, 36678, 4133
272, 41, 36711, 1619
273, 33, 36745, 1466
274, 54, 36781, 2370
275, 56, 36814, 3067
276, 15, 36841, 3364
277, 18, 36870, 2546
278, 26, 36897, 3039
279, 29, 36927, 3409
280, 9, 36951, 978
281, 36, 36980, 5073
282, 54, 37009, 6283
283, 34, 37045, 5753
284, 52, 37080, 6615
285, 46, 37109, 5150
286, 45, 37141, 798
287, 20, 37175, 5301
288, 22, 37204, 4648
289, 28, 37238, 7170
290, 54, 37273, 1835
291, 3, 37304, 5041
292, 3, 37335, 512
293, 9, 37369, 7141
294, 20, 37395, 1150
295, 9, 37423, 7008
296, 54, 37458, 508
297, 17, 37491, 4163
298, 31, 37522, 6841
299, 13, 37549, 3685
300, 36, 37573, 743
301, 36, 37598, 5734
302, 13, 37632, 295
303, 14, 37656, 5021
304, 59, 37684, 744
305, 30, 37716, 6384
306, 41, 37741, 3615
307, 21, 37776, 1122
308, 16, 37807, 2772
309, 10, 37842, 3641
310, 33, 37877, 825
311, 57, 37903, 6772
312, 12, 37932, 3705
313, 5, 37958, 2061
314, 41, 37984, 3626
315, 5, 38017, 848
316, 24, 38044, 3719
317, 59, 38072, 5876
318, 32, 38102, 6408
319, 17, 38126, 1335
320, 13, 38153, 6766
321, 23, 38179, 2507
322, 4, 38213, 4837
323, 4, 38244, 3037
324, 9, 38273, 5961
325, 60, 38300, 2408
326, 5, 38333, 7032
327, 6, 38362, 1936
328, 37, 38387, 5122
329, 13, 38418, 1037
330, 9, 38445, 2658
331, 43, 38481, 3098
332, 17, 38508, 2645
333, 25, 38538, 4039
334, 39, 38572, 678
335, 43, 38597, 484
336, 29, 38623, 3432
337, 16, 38659, 3015
338, 5, 38685, 3538
339, 8, 38719, 2049
340, 57, 38754, 116
341, 27, 38784, 3115
342, 50, 38811, 6765
343, 59, 38846, 2554
344, 42, 38881, 4736
345, 6, 38906, 2163
346, 19, 38933, 631
347, 33, 38966, 5259
348, 32, 38992, 5726
349, 14, 39026, 2286
350, 41, 39054, 4156
351, 7, 39087, 5808
352, 55, 39123, 51
353, 52, 39159, 2051
354, 3, 39191, 5434
355, 47, 39215, 5164
356, 5, 39243, 4089
357, 6, 39271, 93
358, 41, 39295, 5583
359, 44, 39330, 7129
360, 33, 39356, 6928
361, 10, 39388, 6141
362, 12, 39414, 5893
363, 10, 39450, 3464
364, 59, 39483, 4614
365, 28, 39509, 3196
366, 9, 39537, 6862
367, 30, 39572, 2390
368, 60, 39600, 5876
369, 16, 39626, 7073
370, 6, 39650, 2242
371, 41, 39683, 2395
372, 21, 39714, 5713
373, 29, 39749, 6575
374, 49, 39777, 5429
375, 6, 39801, 3506
376, 38, 39835, 3361
377, 58, 39863, 346
378, 22, 39898, 4067
379, 27, 39928, 3637
380, 9, 39963, 1967
381, 30, 39997, 5122
382, 24, 40028, 671
383, 41, 40064, 3782
384, 58, 40089, 1251
385, 48, 40120, 2457
386, 11, 40146, 1344
387, 41, 40170, 6668
388, 44, 40206, 2279
389, 25, 40235, 798
390, 29, 40271, 2370
391, 44, 40307, 6405
392, 38, 40334, 2208
393, 53, 40359, 5060
394, 36, 40394, 1774
395, 10, 40424, 1823
396, 8, 40449, 2755
397, 10, 40477, 5509
398, 40, 40512, 24
399, 26, 40537, 295
400, 54, 40572, 4248
401, 29, 40608, 3621
402, 51, 40644, 6935
403, 44, 40669, 6717
404, 59, 40696, 4310
405, 52, 40724, 2005
406, 33, 40756, 99
407, 12, 40791, 4231
408, 45, 40816, 1750
409, 58, 40850, 6183
410, 12, 40885, 6185
411, 16, 40917, 4976
412, 50, 40948, 4959
413, 30, 40972, 4440
414, 53, 40999, 904
415, 47, 41029, 3300
416, 15, 41053, 3014
417, 22, 41080, 4424
418, 33, 41112, 4216
419, 28, 41138, 1546
420, 30, 41174, 4969
421, 53, 41206, 1396
422, 6, 41236, 6929
423, 22, 41263, 3197
424, 39, 41293, 3846
425, 60, 41325, 3400
426, 12, 41349, 6724
427, 24, 41375, 1608
428, 36, 41399, 1448
429, 45, 41423, 4116
430, 8, 41453, 4648
431, 23, 41479, 271
432, 52, 41510, 1375
433, 28, 41540, 2426
434, 36, 41564, 2371
435, 54, 41594, 4510
436, 31, 41619, 1110
437, 44, 41650, 99
438, 6, 41679, 3730
439, 33, 41705, 2472
440, 44, 41735, 3046
441, 21, 41771, 3838
442, 40, 41798, 3642
443, 4, 41832, 1791
444, 27, 41863, 6533
445, 22, 41894, 6818
446, 48, 41920, 3333
447, 52, 41950, 4675
448, 30, 41976, 2319
449, 19, 42003, 4236
450, 21, 42036, 4484
451, 55, 42064, 5412
452, 42, 42094, 6784
453, 6, 42123, 1203
454, 55, 42153, 4142
455, 29, 42184, 3804
456, 47, 42220, 3308
457, 45, 42248, 6162
458, 28, 42274, 6015
459, 52, 42309, 5178
460, 33, 42334, 5433
461, 37, 42367, 5840
462, 60, 42395, 4420
463, 45, 42420, 3501
464, 34, 42453, 3788
465, 59, 42480, 5633
466, 56, 42508, 3382
467, 27, 42532, 6996
468, 58, 42559, 3508
469, 12, 42583, 2849
470, 23, 42616, 2258
471, 43, 42646, 4067
472, 34, 42679, 693
473, 57, 42709, 5925
474, 49, 42744, 3743
475, 9, 42771, 3969
476, 39, 42804, 3554
477, 17, 42835, 3124
478, 45, 42865, 1330
479, 31, 42899, 5035
480, 3, 42925, 3994
481, 50, 42952, 4807
482, 36, 42983, 2698
483, 34, 43017, 2827
484, 33, 43052, 7009
485, 47, 43080, 5605
486, 9, 43108, 1301
487, 15, 43142, 1866
488, 41, 43168, 7006
489, 15, 43192, 78
490, 3, 43217, 7102
491, 32, 43256, 6502
492, 33, 43290, 6858
493, 4, 43333, 1063
494, 36, 43371, 3876
495, 20, 43419, 2223
496, 52, 43467, 3320
497, 4, 43514, 2575
498, 11, 43556, 2139
499, 18, 43601, 3756
500, 38, 43645, 3663
501, 15, 43682, 3974
502, 39, 43723, 1225
503, 10, 43760, 2766
504, 16, 43804, 5844
505, 19, 43842, 6702
506, 54, 43877, 4172
507, 22, 43925, 1664
508, 54, 43960, 5356
509, 5, 43999, 4856
510, 35, 44038, 512
511, 42, 44070, 1649
512, 39, 44102, 1179
513, 39, 44141, 2481
514, 31, 44181, 1711
515, 49, 44222, 3999
516, 4, 44261, 6799
517, 31, 44298, 5432
518, 6, 44331, 6687
519, 26, 44375, 5947
520, 12, 44419, 6550
521, 35, 44466, 4803
522, 58, 44513, 1409
523, 15, 44548, 1332
524, 35, 44584, 2947
525, 60, 44617, 1469
526, 34, 44660, 5154
527, 48, 44703, 6011
528, 37, 44747, 7086
529, 8, 44780, 6940
530, 22, 44817, 762
531, 28, 44864, 5896
532, 53, 44911, 2883
533, 6, 44957, 5905
534, 9, 44990, 4199
535, 10, 45035, 2324
536, 41, 45080, 5012
537, 32, 45126, 2135
538, 57, 45171, 5052
539, 4, 45207, 613
540, 50, 45250, 4971
541, 5, 45282, 2432
542, 52, 45320, 1310
543, 4, 45354, 1384
544, 44, 45396, 1769
545, 55, 45430, 1560
546, 12, 45467, 5004
547, 54, 45504, 5261
548, 3, 45548, 5279
549, 18, 45592, 5149
550, 24, 45624, 5240
551, 38, 45666, 472
552, 38, 45713, 1174
553, 51, 45757, 3121
554, 25, 45802, 1789
555, 60, 45843, 6613
556, 58, 45881, 2877
557, 8, 45924, 6752
558, 23, 45968, 3576
559, 38, 46006, 2787
560, 60, 46054, 15
561, 24, 46096, 3690
562, 30, 46140, 782
563, 12, 46186, 613
564, 40, 46228, 2834
565, 48, 46262, 2002
566, 44, 46306, 1026
567, 39, 46347, 591
568, 34, 46393, 5480
569, 50, 46432, 5686
570, 32, 46475, 1184
571, 51, 46520, 5380
572, 30, 46561, 1543
573, 23, 46598, 3358
574, 21, 46631, 3477
575, 60, 46671, 6038
576, 8, 46707, 4951
577, 13, 46751, 5616
578, 33, 46789, 5294
579, 8, 46823, 282
580, 9, 46875, 5121
581, 51, 46931, 2670
582, 11, 47003, 2462
583, 28, 47062, 4472
584, 48, 47121, 2166
585, 40, 47181, 5815
586, 49, 47235, 1076
587, 8, 47294, 2953
588, 10, 47357, 4044
589, 7, 47426, 1085
590, 44, 47481, 3412
591, 54, 47552, 5569
592, 42, 47600, 3414
593, 59, 47653, 4811
594, 46, 47721, 439
595, 48, 47777, 1233
596, 35, 47847, 4611
597, 17, 47914, 4448
598, 50, 47972, 800
599, 16, 48034, 1031
600, 33, 48094, 5962
601, 52, 48150, 3683
602, 43, 48209, 1175
603, 48, 48268, 2265
604, 60, 48336, 7019
605, 37, 48403, 1306
606, 3, 48466, 342
607, 49, 48516, 3960
608, 57, 48578, 492
609, 4, 48644, 4152
610, 5, 48712, 815
611, 7, 48766, 3458
612, 34, 48833, 3340
613, 16, 48895, 4338
614, 45, 48959, 6046
615, 3, 49027, 2436
616, 51, 49088, 3690
617, 17, 49141, 3824
618, 47, 49192, 6238
619, 21, 49243, 349
620, 20, 49310, 4744
621, 42, 49373, 1545
622, 16, 49436, 6643
623, 51, 49484, 2347
624, 40, 49551, 3263
625, 7, 49623, 3618
626, 10, 49680, 4873
627, 32, 49738, 4818
628, 50, 49805, 4335
629, 42, 49863, 7096
630, 39, 49934, 4390
631, 32, 50000, 6638
632, 4, 50068, 6334
633, 50, 50125, 3892
634, 18, 50179, 2051
635, 24, 50229, 1643
636, 50, 50280, 541
637, 48, 50333, 849
638, 14, 50387, 1290
639, 43, 50439, 5927
640, 43, 50492, 6210
641, 14, 50558, 1175
642, 6, 50606, 2624
643, 33, 50668, 7177
644, 49, 50725, 5046
645, 57, 50774, 4368
646, 32, 50824, 3272
647, 35, 50882, 5283
648, 25, 50944, 1150
649, 40, 50994, 5308
650, 26, 51066, 3820
651, 48, 51129, 2454
652, 13, 51197, 5122
653, 10, 51246, 5728
654, 55, 51306, 2019
655, 29, 51362, 2625
656, 16, 51430, 2157
657, 28, 51498, 7130
658, 15, 51564, 4781
659, 42, 51626, 4364
660, 32, 51681, 2000
661, 12, 51740, 1778
662, 47, 51812, 4738
663, 25, 51883, 3610
664, 14, 51951, 3020
665, 22, 52010, 6332
666, 6, 52082, 1616
667, 40, 52141, 2669
668, 30, 52190, 1288
669, 11, 52257, 1709
670, 6, 52307, 3524
671, 34, 52370, 1744
672, 18, 52418, 434
673, 48, 52490, 6439
674, 6, 52545, 4187
675, 10, 52593, 6832
676, 57, 52656, 2647
677, 49, 52715, 5356
678, 26, 52784, 2687
679, 12, 52849, 753
680, 32, 52899, 5582
681, 26, 52968, 57
682, 43, 53037, 529
683, 57, 53085, 4995
684, 25, 53141, 1742
685, 56, 53211, 282
686, 45, 53271, 1759
687, 10, 53343, 5955
688, 4, 53414, 2720
689, 12, 53464, 6802
690, 60, 53525, 937
691, 16, 53593, 3503
692, 43, 53654, 5034
693, 33, 53708, 94
694, 22, 53761, 764
695, 12, 53831, 6008
696, 53, 53881, 4028
697, 44, 53932, 4642
698, 50, 53995, 4389
699, 16, 54063, 6968
700, 45, 54106, 361
701, 16, 54146, 5293
702, 7, 54178, 2162
703, 6, 54210, 5092
704, 33, 54244, 5042
705, 54, 54282, 5667
706, 45, 54314, 1515
707, 30, 54361, 5372
708, 50, 54406, 6629
709, 21, 54451, 3657
710, 32, 54491, 6013
711, 22, 54530, 5723
712, 56, 54567, 3316
713, 33, 54605, 4693
714, 30, 54637, 3583
715, 7, 54675, 6429
716, 7, 54713, 4202
717, 60, 54759, 7150
718, 24, 54804, 5213
719, 47, 54846, 4824
720, 47, 54891, 5496
721, 32, 54938, 4957
722, 48, 54986, 483
723, 45, 55032, 4592
724, 25, 55079, 3485
725, 11, 55124, 2942
726, 14, 55156, 6072
727, 35, 55193, 6928
728, 10, 55227, 4671
729, 53, 55274, 4238
730, 22, 55309, 2753
731, 42, 55348, 2396
732, 16, 55381, 1924
733, 26, 55415, 1851
734, 28, 55456, 373
735, 57, 55488, 5036
736, 45, 55523, 2677
737, 16, 55563, 5547
738, 22, 55598, 563
739, 52, 55634, 5097
740, 24, 55669, 5027
741, 45, 55714, 3791
742, 15, 55751, 3382
743, 12, 55791, 403
744, 40, 55827, 3446
745, 60, 55875, 3205
746, 51, 55907, 4710
747, 10, 55946, 4382
748, 49, 55992, 521
749, 18, 56037, 4344
750, 49, 56081, 592
751, 27, 56126, 2396
752, 43, 56159, 3000
753, 46, 56198, 6763
754, 24, 56231, 213
755, 51, 56277, 2142
756, 37, 56312, 2414
757, 14, 56360, 5492
758, 13, 56402, 5587
759, 33, 56445, 4893
760, 22, 56481, 7165
761, 54, 56517, 6295
762, 49, 56551, 477
763, 58, 56594, 6405
764, 34, 56628, 37
765, 49, 56665, 2999
766, 22, 56711, 607
767, 10, 56748, 5429
768, 38, 56794, 2638
769, 56, 56833, 2423
770, 20, 56874, 5808
771, 59, 56917, 3555
772, 11, 56956, 3752
773, 21, 56997, 2098
774, 38, 57045, 5672
775, 24, 57092, 4352
776, 31, 57139, 6581
777, 44, 57179, 5380
778, 16, 57220, 6432
779, 56, 57252, 2099
780, 40, 57300, 5312
781, 18, 57338, 5422
782, 8, 57381, 1881
783, 5, 57416, 6297
784, 52, 57456, 6000
785, 3, 57498, 3125
786, 23, 57537, 3258
787, 57, 57580, 6555
788, 33, 57621, 6473
789, 54, 57660, 4457
790, 5, 57708, 5570
791, 12, 57756, 5627
792, 59, 57791, 110
793, 27, 57832, 2405
794, 57, 57873, 2685
795, 57, 57918, 4385
796, 57, 57964, 2691
797, 41, 58000, 4751
798, 25, 58047, 184
799, 31, 58082, 4611
800, 23, 58116, 4718
801, 47, 58149, 338
802, 21, 58196, 3326
803, 18, 58229, 841
804, 20, 58270, 5381
805, 3, 58312, 5159
806, 21, 58348, 68
807, 28, 58394, 6094
808, 11, 58428, 2241
809, 25, 58469, 1146
810, 51, 58503, 3592
811, 49, 58535, 603
812, 59, 58567, 6172
813, 47, 58606, 3898
814, 19, 58651, 3837
815, 52, 58687, 6397
816, 47, 58735, 2727
817, 55, 58769, 3020
818, 48, 58804, 1239
819, 16, 58845, 5613
820, 58, 58884, 6838
821, 16, 58927, 4142
822, 46, 58966, 1981
823, 47, 58998, 3017
824, 32, 59044, 4778
825, 14, 59090, 3358
826, 43, 59124, 6300
827, 53, 59170, 5656
828, 17, 59205, 3293
829, 28, 59250, 6598
830, 59, 59282, 3053
831, 39, 59325, 4360
832, 3, 59372, 3104
833, 48, 59410, 1130
834, 7, 59449, 5668
835, 43, 59483, 457
836, 5, 59517, 1661
837, 9, 59552, 891
838, 14, 59593, 6036
839, 32, 59625, 7040
840, 20, 59668, 2817
841, 40, 59714, 6537
842, 57, 59746, 5818
843, 35, 59789, 2655
844, 18, 59826, 4963
845, 16, 59862, 4037
846, 28, 59898, 3419
847, 50, 59936, 1176
848, 17, 59968, 5795
849, 59, 60013, 4739
850, 59, 60047, 5717
851, 5, 60093, 3828
852, 47, 60141, 6856
853, 59, 60189, 5581
854, 44, 60234, 3883
855, 24, 60280, 2515
856, 3, 60312, 4691
857, 27, 60360, 5871
858, 6, 60400, 4149
859, 24, 60444, 1515
860, 55, 60485, 43
861, 19, 60529, 2984
862, 37, 60572, 709
863, 50, 60612, 2106
864, 56, 60645, 4384
865, 29, 60692, 6443
866, 57, 60730, 5859
867, 15, 60777, 6850
868, 3, 60815, 7193
869, 52, 60848, 4018
870, 56, 60894, 652
871, 9, 60932, 173
872, 50, 60980, 1708
873, 13, 61017, 1103
874, 39, 61053, 674
875, 53, 61092, 3956
876, 52, 61127, 2551
877, 54, 61161, 6838
878, 48, 61196, 5394
879, 49, 61229, 1387
880, 55, 61273, 2478
881, 10, 61306, 4795
882, 42, 61349, 4122
883, 40, 61387, 598
884, 13, 61423, 864
885, 51, 61464, 2579
886, 39, 61500, 4569
887, 52, 61532, 4144
888, 38, 61576, 128
889, 29, 61624, 5332
890, 44, 61671, 2060
891, 45, 61708, 2198
892, 8, 61747, 604
893, 21, 61788, 4478
894, 39, 61828, 4763
895, 30, 61865, 3447
896, 20, 61906, 1930
897, 25, 61939, 1931
898, 23, 61985, 5079
899, 18, 62017, 5776
900, 55, 62055, 2192
901, 57, 62098, 2298
902, 24, 62133, 6720
903, 51, 62181, 5726
904, 18, 62225, 1035
905, 40, 62270, 372
906, 14, 62302, 2246
907, 50, 62341, 1730
908, 5, 62387, 5172
909, 26, 62426, 2873
910, 57, 62473, 2994
911, 34, 62509, 1133
912, 35, 62546, 3356
913, 42, 62581, 1808
914, 34, 62613, 5243
915, 5, 62659, 4371
916, 18, 62701, 1030
917, 40, 62748, 7084
918, 40, 62792, 4312
919, 19, 62838, 6366
920, 57, 62878, 3922
921, 25, 62917, 962
922, 37, 62962, 4523
923, 60, 63008, 4719
924, 13, 63052, 1989
925, 35, 63085, 1744
926, 16, 63125, 4782
927, 43, 63165, 3811
928, 29, 63197, 5056
929, 45, 63233, 5058
930, 35, 63272, 1129
931, 49, 63306, 3514
932, 7, 63347, 3825
933, 40, 63392, 4696
934, 31, 63440, 4453
935, 5, 63473, 263
936, 17, 63507, 6977
937, 26, 63540, 3896
938, 51, 63583, 3884
939, 25, 63625, 3100
940, 56, 63667, 3514
941, 39, 63704, 1289
942, 50, 63748, 1385
943, 4, 63783, 2075
944, 23, 63822, 1045
945, 52, 63864, 4373
946, 57, 63906, 5890
947, 37, 63939, 945
948, 31, 63983, 1835
949, 16, 64021, 1751
950, 48, 64069, 3520
951, 10, 64110, 4181
952, 16, 64144, 1346
953, 32, 64181, 726
954, 22, 64227, 3319
955, 46, 64262, 3498
956, 43, 64294, 3941
957, 48, 64340, 4147
958, 57, 64386, 3628
959, 38, 64430, 499
960, 43, 64463, 3841
961, 45, 64499, 2787
962, 53, 64538, 2640
963, 42, 64584, 2907
964, 22, 64623, 2830
965, 13, 64670, 1047
966, 31, 64717, 3930
967, 36, 64754, 4577
968, 32, 64798, 4770
969, 33, 64837, 5795
970, 37, 64872, 1809
971, 22, 64909, 6137
972, 6, 64949, 7188
973, 44, 64983, 91
974, 13, 65016, 5118
975, 16, 65061, 183
976, 59, 65109, 879
977, 25, 65157, 6134
978, 52, 65202, 76
979, 7, 65240, 2882
980, 41, 65288, 3236
981, 25, 65320, 3503
982, 42, 65353, 5245
983, 19, 65398, 1490
984, 6, 65436, 2082
985, 13, 65482, 6122
986, 17, 65516, 6078
987, 56, 65555, 2051
988, 51, 65600, 5664
989, 48, 65644, 3820
990, 18, 65683, 1590
991, 60, 65731, 5208
992, 35, 65774, 2469
993, 15, 65806, 1054
994, 51, 65854, 4165
995, 30, 65901, 2197
996, 6, 65948, 2765
997, 27, 65996, 1157
998, 26, 66036, 3171
999, 58, 66084, 5104
1000, 40, 66123, 6038
1001, 35, 66155, 4612
1002, 3, 66197, 544
1003, 39, 66229, 970
1004, 54, 66274, 5138
1005, 44, 66306, 1627
1006, 36, 66339, 3320
1007, 48, 66386, 3757
1008, 37, 66418, 6140
1009, 57, 66460, 3382
1010, 5, 66501, 3433
1011, 58, 66540, 2726
1012, 8, 66575, 893
1013, 45, 66612, 3030
1014, 16, 66652, 150
1015, 12, 66684, 6317
1016, 39, 66727, 6402
1017, 41, 66768, 5216
1018, 55, 66806, 3409
1019, 41, 66839, 1261
1020, 55, 66884, 2473
1021, 46, 66927, 6591
1022, 28, 66972, 5259
1023, 33, 67020, 1100
1024, 20, 67066, 4863
1025, 43, 67102, 1291
1026, 4, 67146, 2444
1027, 9, 67189, 1266
1028, 33, 67237, 1252
1029, 24, 67282, 113
1030, 39, 67321, 3642
1031, 6, 67356, 116
1032, 58, 67399, 3462
1033, 42, 67446, 3516
1034, 12, 67494, 1452
1035, 55, 67527, 6701
1036, 43, 67569, 1753
1037, 11, 67602, 1801
1038, 3, 67638, 1648
1039, 11, 67685, 3585
1040, 18, 67729, 4484
1041, 21, 67765, 3440
1042, 19, 67802, 3523
1043, 13, 67840, 2155
1044, 32, 67881, 7172
1045, 50, 67914, 1189
1046, 13, 67947, 1292
1047, 41, 67985, 6888
1048, 8, 68024, 1220
1049, 57, 68058, 3252
1050, 8, 68099, 4181
1051, 42, 68144, 2754
1052, 15, 68188, 6804
1053, 51, 68221, 1372
1054, 52, 68261, 1308
1055, 56, 68309, 5383
1056, 25, 68356, 4926
1057, 38, 68396, 344
1058, 12, 68438, 4559
1059, 35, 68503, 2884
1060, 27, 68569, 1223
1061, 24, 68640, 3332
1062, 48, 68706, 4364
1063, 34, 68755, 1145
1064, 10, 68824, 5839
1065, 37, 68883, 593
1066, 51, 68944, 1391
1067, 6, 69001, 5022
1068, 45, 69070, 3748
1069, 10, 69137, 1286
1070, 42, 69201, 59
1071, 21, 69249, 2050
1072, 28, 69305, 5602
1073, 46, 69354, 6852
1074, 49, 69414, 2782
1075, 8, 69476, 1735
1076, 54, 69538, 5678
1077, 22, 69586, 838
1078, 3, 69654, 1650
1079, 22, 69713, 1524
1080, 7, 69781, 6595
1081, 55, 69844, 396
1082, 43, 69915, 7010
1083, 25, 69973, 6699
1084, 4, 70029, 946
1085, 10, 70080, 5187
1086, 60, 70146, 2466
1087, 27, 70198, 366
1088, 24, 70253, 4915
1089, 21, 70306, 5998
1090, 49, 70374, 5510
1091, 53, 70426, 4486
1092, 15, 70481, 6369
1093, 16, 70531, 5248
1094, 16, 70585, 2130
1095, 22, 70642, 6378
1096, 3, 70708, 2150
1097, 21, 70757, 6607
1098, 20, 70810, 5859
1099, 18, 70859, 1168
1100, 54, 70913, 6380
1101, 58, 70962, 289
1102, 43, 71022, 864
1103, 23, 71086, 881
1104, 58, 71153, 1883
1105, 57, 71213, 2683
1106, 54, 71279, 5946
1107, 40, 71330, 1567
1108, 54, 71397, 1897
1109, 25, 71462, 1944
1110, 48, 71510, 2931
1111, 32, 71565, 2763
1112, 22, 71624, 4956
1113, 42, 71682, 1692
1114, 14, 71737, 4381
1115, 57, 71786, 5708
1116, 13, 71854, 1657
1117, 5, 71911, 2426
1118, 56, 71977, 5586
1119, 36, 72033, 2514
1120, 48, 72099, 6735
1121, 41, 72152, 3582
1122, 15, 72215, 1653
1123, 46, 72282, 6431
1124, 5, 72336, 1259
1125, 25, 72389, 646
1126, 60, 72449, 6797
1127, 21, 72508, 6902
1128, 38, 72557, 3318
1129, 12, 72627, 3879
1130, 52, 72688, 5007
1131, 29, 72742, 1485
1132, 59, 72794, 2574
1133, 31, 72857, 6819
1134, 51, 72912, 2390
1135, 5, 72960, 273
1136, 40, 73030, 536
1137, 25, 73092, 1543
1138, 6, 73148, 928
1139, 28, 73204, 4307
1140, 38, 73262, 6458
1141, 39, 73310, 4010
1142, 45, 73377, 6044
1143, 54, 73446, 261
1144, 19, 73512, 5142
1145, 46, 73568, 1792
1146, 29, 73620, 6891
1147, 24, 73674, 6338
1148, 58, 73738, 3096
1149, 26, 73794, 4999
1150, 38, 73846, 6360
1151, 60, 73915, 2366
1152, 51, 73976, 5869
1153, 29, 74046, 5723
1154, 40, 74117, 1817
1155, 52, 74169, 2724
1156, 21, 74236, 4704
1157, 37, 74296, 1649
1158, 24, 74345, 3374
1159, 40, 74398, 544
1160, 10, 74469, 7041
1161, 15, 74517, 3084
1162, 28, 74573, 758
1163, 58, 74636, 5482
1164, 49, 74700, 2921
1165, 27, 74765, 798
1166, 59, 74827, 5690
1167, 33, 74883, 5255
1168, 12, 74951, 4394
1169, 27, 75013, 2390
1170, 22, 75068, 3722
1171, 55, 75126, 2100
1172, 11, 75194, 1529
1173, 7, 75242, 5326
1174, 55, 75312, 5849
1175, 39, 75382, 4884
1176, 20, 75447, 1909
1177, 3, 75510, 4847
1178, 47, 75567, 3223
1179, 51, 75627, 5385
1180, 58, 75652, 642
1181, 27, 75681, 3157
1182, 22, 75714, 5131
1183, 59, 75742, 2415
1184, 35, 75773, 5407
1185, 33, 75798, 1500
1186, 48, 75828, 6693
1187, 54, 75852, 879
1188, 29, 75880, 3030
1189, 42, 75916, 1589
1190, 11, 75946, 920
1191, 47, 75981, 74
1192, 20, 76011, 6077
1193, 4, 76039, 3287
1194, 45, 76071, 65
1195, 52, 76099, 4116
1196, 40, 76135, 2399
1197, 39, 76164, 4626
1198, 33, 76193, 6058
1199, 15, 76220, 6318
1200, 40, 76253, 1357
1201, 39, 76281, 2067
1202, 32, 76309, 1302
1203, 40, 76339, 6758
1204, 16, 76370, 2790
1205, 59, 76399, 2062
1206, 32, 76425, 4519
1207, 59, 76461, 1710
1208, 8, 76497, 4326
1209, 22, 76528, 3296
1210, 21, 76554, 4236
1211, 59, 76579, 2861
1212, 20, 76613, 4347
1213, 28, 76645, 1973
1214, 37, 76677, 6359
1215, 48, 76708, 293
1216, 14, 76732, 5673
1217, 12, 76763, 2594
1218, 26, 76788, 5060
1219, 27, 76823, 6650
1220, 19, 76857, 1896
1221, 49, 76891, 5186
1222, 30, 76916, 1019
1223, 25, 76943, 4548
1224, 20, 76970, 4413
1225, 21, 77001, 709
1226, 32, 77033, 4491
1227, 36, 77064, 4551
1228, 37, 77093, 4211
1229, 57, 77122, 2760
1230, 9, 77149, 2921
1231, 3, 77180, 3212
1232, 29, 77215, 6303
1233, 32, 77241, 2444
1234, 45, 77277, 296
1235, 34, 77310, 7036
1236, 49, 77336, 6072
1237, 3, 77372, 70
1238, 45, 77403, 1196
1239, 56, 77432, 6284
1240, 15, 77457, 5822
1241, 20, 77482, 4523
1242, 16, 77514, 857
1243, 22, 77545, 7129
1244, 38, 77580, 3248
1245, 3, 77606, 7033
1246, 32, 77641, 3829
1247, 51, 77665, 4615
1248, 24, 77692, 6118
1249, 20, 77722, 7146
1250, 41, 77750, 846
1251, 33, 77780, 6908
1252, 27, 77814, 2742
1253, 16, 77840, 731
1254, 50, 77875, 418
1255, 37, 77908, 1339
1256, 46, 77944, 815
1257, 48, 77974, 803
1258, 14, 78006, 2527
1259, 50, 78032, 3626
1260, 5, 78057, 6550
1261, 19, 78086, 2651
1262, 13, 78121, 303
1263, 34, 78156, 684
1264, 9, 78192, 5545
1265, 25, 78227, 5770
1266, 59, 78261, 777
1267, 30, 78286, 5486
1268, 12, 78313, 5697
1269, 17, 78337, 5920
1270, 32, 78365, 492
1271, 51, 78390, 1213
1272, 30, 78416, 6246
1273, 34, 78442, 3849
1274, 14, 78475, 982
1275, 16, 78500, 5678
1276, 51, 78527, 5269
1277, 51, 78560, 543
1278, 20, 78588, 6512
1279, 38, 78623, 7101
1280, 7, 78653, 3095
1281, 45, 78682, 6756
1282, 9, 78716, 2752
1283, 43, 78744, 1537
1284, 44, 78773, 1716
1285, 4, 78802, 6688
1286, 6, 78826, 6122
1287, 17, 78861, 6397
1288, 46, 78889, 2018
1289, 6, 78917, 383
1290, 21, 78944, 4185
1291, 45, 78976, 1126
1292, 57, 79007, 1872
1293, 6, 79039, 4030
1294, 30, 79072, 4057
1295, 45, 79107, 1437
1296, 10, 79139, 1400
1297, 34, 79166, 1293
1298, 13, 79193, 4575
1299, 56, 79226, 1725
1300, 45, 79261, 6904
1301, 52, 79287, 5155
1302, 19, 79320, 3734
1303, 13, 79347, 3418
1304, 46, 79383, 389
1305, 23, 79419, 136
1306, 3, 79452, 4557
1307, 5, 79485, 85
1308, 23, 79510, 4612
1309, 34, 79536, 1048
1310, 49, 79569, 6985
1311, 14, 79604, 1759
1312, 8, 79636, 3995
1313, 25, 79670, 394
1314, 14, 79704, 549
1315, 38, 79739, 2843
1316, 17, 79774, 497
1317, 32, 79808, 4269
1318, 53, 79838, 7109
1319, 20, 79863, 6827
1320, 40, 79888, 4974
1321, 5, 79921, 4944
1322, 34, 79945, 4229
1323, 15, 79978, 2950
1324, 51, 80014, 2996
1325, 13, 80046, 1560
1326, 28, 80070, 4546
1327, 37, 80095, 5347
1328, 8, 80120, 2806
1329, 16, 80144, 2816
1330, 31, 80177, 1188
1331, 21, 80208, 2269
1332, 53, 80236, 5884
1333, 15, 80272, 1540
1334, 38, 80301, 2070
1335, 50, 80328, 4529
1336, 15, 80358, 1488
1337, 16, 80388, 5140
1338, 8, 80423, 2792
1339, 7, 80447, 1979
1340, 24, 80475, 5298
1341, 11, 80511, 6375
1342, 4, 80539, 3144
1343, 37, 80569, 1923
1344, 30, 80593, 204
1345, 19, 80621, 5312
1346, 17, 80648, 6737
1347, 37, 80682, 230
1348, 26, 80713, 3610
1349, 19, 80748, 6390
1350, 6, 80776, 965
1351, 27, 80802, 5849
1352, 28, 80834, 6379
1353, 39, 80860, 2266
1354, 32, 80887, 4281
1355, 47, 80922, 837
1356, 23, 80948, 3072
1357, 33, 80982, 2211
1358, 37, 81008, 4294
1359, 60, 81038, 7140
1360, 35, 81067, 642
1361, 54, 81099, 5826
1362, 11, 81135, 4417
1363, 24, 81167, 1708
1364, 42, 81202, 303
1365, 26, 81227, 4275
1366, 40, 81260, 122
1367, 45, 81288, 6839
1368, 32, 81316, 2449
1369, 11, 81344, 3536
1370, 3, 81379, 2798
1371, 27, 81403, 1469
1372, 49, 81429, 39
1373, 7, 81464, 4324
1374, 38, 81494, 1871
1375, 15, 81526, 1763
1376, 44, 81556, 4116
1377, 23, 81581, 6060
1378, 49, 81616, 4047
1379, 60, 81640, 2125
1380, 11, 81673, 2953
1381, 22, 81702, 1284
1382, 42, 81738, 4605
1383, 4, 81774, 2443
1384, 42, 81798, 4941
1385, 45, 81833, 2327
1386, 3, 81863, 1317
1387, 42, 81892, 20
1388, 33, 81924, 5578
1389, 58, 81950, 5484
1390, 37, 81977, 6230
1391, 49, 82003, 5741
1392, 24, 82034, 341
1393, 24, 82061, 5548
1394, 4, 82088, 7022
1395, 4, 82117, 2749
1396, 23, 82148, 4283
1397, 30, 82180, 2193
1398, 40, 82215, 4638
1399, 44, 82247, 508
1400, 17, 82282, 3178
1401, 38, 82313, 195
1402, 17, 82342, 4071
1403, 14, 82366, 3387
1404, 42, 82397, 3987
1405, 30, 82429, 846
1406, 24, 82456, 5989
1407, 37, 82485, 5608
1408, 55, 82518, 1051
1409, 56, 82553, 5064
1410, 7, 82582, 631
1411, 22, 82610, 2655
1412, 27, 82635, 3550
1413, 10, 82660, 2159
1414, 11, 82684, 5267
1415, 27, 82716, 2486
1416, 3, 82746, 6530
1417, 4, 82775, 4363
1418, 59, 82800, 2639
1419, 4, 82831, 2318
1420, 46, 82870, 3119
1421, 37, 82902, 552
1422, 54, 82950, 5091
1423, 39, 82991, 7097
1424, 8, 83026, 3718
1425, 19, 83068, 4294
1426, 15, 83111, 4482
1427, 17, 83151, 3410
1428, 27, 83196, 1274
1429, 30, 83230, 3314
1430, 36, 83267, 1610
1431, 49, 83303, 6495
1432, 59, 83336, 3969
1433, 54, 83384, 5052
1434, 13, 83421, 491
1435, 28, 83466, 1488
1436, 34, 83498, 2883
1437, 49, 83530, 2294
1438, 7, 83575, 2352
1439, 14, 83621, 4069
1440, 24, 83664, 290
1441, 57, 83699, 2749
1442, 46, 83734, 3443
1443, 56, 83781, 797
1444, 54, 83829, 5332
1445, 36, 83865, 635
1446, 8, 83900, 4435
1447, 50, 83938, 6929
1448, 22, 83977, 3068
1449, 58, 84010, 4964
1450, 3, 84057, 2631
1451, 49, 84092, 6517
1452, 55, 84139, 2304
1453, 23, 84180, 194
1454, 38, 84225, 2341
1455, 52, 84268, 465
1456, 3, 84303, 1710
1457, 37, 84340, 5970
1458, 16, 84383, 7146
1459, 15, 84420, 4404
1460, 42, 84453, 800
1461, 55, 84492, 2051
1462, 39, 84534, 4728
1463, 50, 84568, 5132
1464, 7, 84615, 3436
1465, 18, 84652, 5792
1466, 30, 84685, 4056
1467, 23, 84718, 4625
1468, 5, 84751, 3374
1469, 49, 84787, 1029
1470, 6, 84823, 1665
1471, 27, 84869, 6640
1472, 52, 84904, 3793
1473, 12, 84942, 4769
1474, 32, 84982, 3762
1475, 28, 85026, 2920
1476, 55, 85060, 1823
1477, 56, 85102, 4021
1478, 11, 85143, 6814
1479, 33, 85176, 5060
1480, 8, 85215, 1123
1481, 24, 85253, 6818
1482, 38, 85294, 137
1483, 17, 85335, 4886
1484, 30, 85382, 641
1485, 11, 85427, 2873
1486, 45, 85470, 1837
1487, 33, 85505, 2336
1488, 60, 85545, 2591
1489, 18, 85589, 4309
1490, 41, 85623, 5269
1491, 16, 85665, 6758
1492, 33, 85712, 812
1493, 54, 85756, 5626
1494, 7, 85801, 5862
1495, 31, 85841, 5812
1496, 58, 85882, 312
1497, 7, 85914, 635
1498, 8, 85955, 4081
1499, 14, 85998, 342
1500, 60, 86032, 3435
1501, 44, 86067, 389
1502, 13, 86106, 2163
1503, 4, 86138, 1566
1504, 55, 86172, 643
1505, 20, 86210, 5293
1506, 22, 86246, 6825
1507, 54, 86288, 4021
1508, 30, 86334, 1092
1509, 24, 86381, 3292
