1, 23, 87, 3764
2, 9, 180, 7081
3, 28, 283, 1865
4, 46, 393, 3133
5, 47, 488, 4193
6, 57, 585, 3649
7, 25, 708, 5074
8, 48, 804, 6642
9, 34, 903, 6083
10, 21, 1025, 5181
11, 43, 1108, 1958
12, 44, 1226, 6640
13, 34, 1327, 1603
14, 42, 1412, 5987
15, 48, 1515, 6380
16, 5, 1623, 2642
17, 28, 1743, 6936
18, 16, 1844, 3578
19, 56, 1939, 5631
20, 30, 2048, 4116
21, 17, 2162, 4057
22, 52, 2274, 1103
23, 57, 2394, 1573
24, 21, 2515, 2520
25, 47, 2623, 2336
26, 53, 2721, 209
27, 30, 2835, 5010
28, 21, 2954, 4734
29, 44, 3070, 5212
30, 51, 3176, 5979
31, 51, 3273, 481
32, 27, 3387, 4625
33, 53, 3500, 4791
34, 8, 3597, 3877
35, 46, 3693, 1561
36, 46, 4212, 3458
37, 58, 4725, 6928
38, 5, 5182, 3040
39, 39, 5644, 4294
40, 12, 6091, 3134
41, 11, 6698, 3857
42, 50, 7146, 6287
43, 16, 7720, 6992
44, 10, 8222, 2502
45, 59, 8808, 3930
46, 7, 9329, 4973
47, 27, 9808, 5634
48, 26, 10307, 4297
49, 30, 10868, 3734
50, 17, 11330, 5517
51, 23, 11863, 1567
52, 29, 12406, 5912
53, 35, 12993, 675
54, 49, 13459, 6211
55, 6, 14031, 3608
56, 22, 14608, 2432
57, 53, 15131, 6097
58, 6, 15747, 1320
59, 46, 16165, 6985
60, 20, 16717, 4724
61, 11, 17166, 4835
62, 57, 17694, 5876
63, 39, 18196, 7050
64, 60, 18810, 2795
65, 37, 19270, 1063
66, 52, 19708, 3242
67, 7, 20190, 1032
68, 6, 20738, 4328
69, 26, 21159, 2742
70, 55, 21652, 2538
71, 12, 21861, 6086
72, 44, 22119, 1553
73, 29, 22325, 4612
74, 8, 22632, 3750
75, 6, 22918, 6242
76, 11, 23225, 1214
77, 46, 23486, 329
78, 22, 23754, 1844
79, 25, 24010, 728
80, 31, 24219, 2494
81, 49, 24472, 5356
82, 39, 24722, 7174
83, 37, 24973, 2256
84, 27, 25218, 599
85, 35, 25324, 5430
86, 19, 25417, 5672
87, 7, 25507, 999
88, 18, 25621, 3103
89, 4, 25722, 5686
90, 15, 25841, 4185
91, 24, 25943, 4882
92, 39, 26058, 2743
93, 39, 26143, 4376
94, 4, 26236, 2089
95, 25, 26344, 2144
96, 44, 26451, 3154
97, 9, 26566, 4117
98, 37, 26665, 1962
99, 10, 26763, 4091
100, 19, 26871, 4348
101, 58, 26978, 1638
102, 5, 27068, 4857
103, 20, 27176, 1816
104, 14, 27278, 3943
105, 24, 27392, 3595
106, 45, 27509, 1200
107, 27, 27628, 6719
108, 27, 27743, 592
109, 45, 27831, 2745
110, 48, 27937, 5203
111, 25, 28036, 717
112, 51, 28141, 6382
113, 53, 28243, 254
114, 55, 28349, 4728
115, 43, 28435, 4202
116, 8, 28552, 4486
117, 41, 28639, 3903
118, 38, 28736, 6920
119, 18, 28843, 4980
120, 45, 28894, 5899
121, 12, 28952, 2501
122, 41, 28995, 522
123, 56, 29042, 4063
124, 24, 29099, 5264
125, 44, 29144, 1773
126, 37, 29191, 2821
127, 51, 29235, 1716
128, 5, 29291, 6208
129, 57, 29339, 5608
130, 4, 29390, 2167
131, 53, 29431, 6218
132, 40, 29482, 959
133, 3, 29531, 3265
134, 31, 29583, 547
135, 20, 29644, 714
136, 4, 29704, 5418
137, 35, 29755, 6343
138, 52, 29805, 6170
139, 30, 29863, 4006
140, 52, 29920, 3180
141, 45, 29973, 6052
142, 16, 30025, 5097
143, 44, 30073, 3427
144, 24, 30122, 285
145, 16, 30177, 5830
146, 49, 30225, 502
147, 4, 30269, 5409
148, 43, 30317, 2339
149, 22, 30374, 3265
150, 55, 30426, 5838
151, 60, 30471, 4378
152, 11, 30515, 2537
153, 5, 30557, 1696
154, 55, 30617, 6979
155, 40, 30672, 7174
156, 53, 30718, 2229
157, 46, 30772, 722
158, 9, 30825, 4064
159, 30, 30871, 6992
160, 7, 30927, 3048
161, 59, 30980, 2399
162, 5, 31037, 3161
163, 55, 31090, 7177
164, 48, 31140, 4428
165, 38, 31186, 2551
166, 49, 31230, 6228
167, 26, 31291, 6235
168, 50, 31350, 5013
169, 5, 31399, 5135
170, 31, 31457, 1145
171, 32, 31517, 2431
172, 25, 31569, 4300
173, 28, 31620, 6353
174, 42, 31663, 2164
175, 18, 31722, 106
176, 55, 31764, 6626
177, 49, 31807, 5886
178, 45, 31863, 6269
179, 47, 31911, 5807
180, 58, 31954, 1976
181, 34, 32010, 5296
182, 19, 32067, 3793
183, 20, 32108, 1364
184, 8, 32160, 5238
185, 33, 32201, 4606
186, 18, 32242, 6066
187, 56, 32296, 4601
188, 6, 32353, 1877
189, 26, 32407, 2854
190, 48, 32445, 1657
191, 29, 32485, 6077
192, 41, 32525, 3899
193, 9, 32558, 5410
194, 55, 32589, 4727
195, 24, 32627, 6687
196, 49, 32660, 6970
197, 40, 32699, 4918
198, 36, 32727, 6179
199, 8, 32765, 4253
200, 35, 32798, 4187
201, 49, 32839, 4384
202, 51, 32870, 2322
203, 53, 32904, 4323
204, 46, 32943, 742
205, 37, 32982, 3477
206, 29, 33019, 4580
207, 31, 33047, 5761
208, 7, 33074, 6734
209, 44, 33107, 3359
210, 48, 33147, 1387
211, 49, 33177, 656
212, 26, 33210, 6145
213, 16, 33251, 4780
214, 49, 33286, 5003
215, 19, 33318, 4201
216, 29, 33359, 472
217, 59, 33388, 7175
218, 58, 33428, 1813
219, 25, 33469, 6413
220, 29, 33510, 2888
221, 53, 33540, 4110
222, 46, 33579, 2765
223, 31, 33616, 4226
224, 55, 33646, 4031
225, 60, 33684, 2472
226, 53, 33723, 4157
227, 30, 33761, 6798
228, 44, 33789, 1756
229, 37, 33822, 4990
230, 20, 33862, 3088
231, 8, 33895, 6088
232, 45, 33925, 6446
233, 44, 33954, 5403
234, 51, 33981, 1811
235, 46, 34014, 6884
236, 17, 34043, 2353
237, 49, 34077, 2099
238, 25, 34110, 4509
239, 25, 34146, 6561
240, 39, 34179, 777
241, 16, 34219, 3672
242, 5, 34260, 4821
243, 17, 34289, 1514
244, 57, 34323, 61
245, 14, 34363, 4302
246, 46, 34396, 5459
247, 59, 34431, 791
248, 20, 34471, 2712
249, 13, 34499, 727
250, 18, 34533, 1230
251, 55, 34574, 2274
252, 10, 34604, 1171
253, 14, 34634, 2825
254, 20, 34669, 6266
255, 49, 34702, 4841
256, 4, 34730, 5704
257, 11, 34758, 921
258, 13, 34790, 6831
259, 18, 34829, 215
260, 58, 34857, 316
261, 39, 34888, 3585
262, 43, 34924, 7014
263, 55, 34953, 1876
264, 23, 34984, 6390
265, 25, 35025, 4935
266, 30, 35066, 2815
267, 3, 35094, 4808
268, 25, 35126, 1987
269, 11, 35153, 3156
270, 56, 35185, 1127
271, 13, 35217, 3233
272, 18, 35252, 842
273, 26, 35291, 28
274, 39, 35322, 4490
275, 5, 35357, 4294
276, 12, 35395, 1750
277, 25, 35423, 2875
278, 22, 35450, 637
279, 48, 35479, 4409
280, 59, 35508, 2358
281, 26, 35542, 5984
282, 22, 35570, 1744
283, 22, 35601, 5694
284, 9, 35640, 3031
285, 4, 35681, 5959
286, 18, 35720, 2047
287, 12, 35748, 5025
288, 12, 35785, 1829
289, 52, 35818, 1430
290, 12, 35858, 3305
291, 60, 35885, 6787
292, 29, 35918, 6503
293, 19, 35951, 2142
294, 54, 35978, 6524
295, 24, 36008, 4107
296, 23, 36035, 4058
297, 37, 36062, 2896
298, 33, 36091, 6934
299, 15, 36113, 6162
300, 26, 36136, 198
301, 48, 36162, 2785
302, 8, 36188, 2960
303, 50, 36210, 7040
304, 34, 36232, 4734
305, 46, 36256, 97
306, 23, 36281, 6347
307, 37, 36301, 6301
308, 41, 36321, 6506
309, 35, 36345, 6218
310, 19, 36367, 5600
311, 56, 36394, 3264
312, 48, 36415, 6165
313, 34, 36435, 4573
314, 58, 36457, 5155
315, 46, 36482, 5989
316, 44, 36511, 6348
317, 45, 36539, 2416
318, 43, 36563, 882
319, 11, 36591, 5386
320, 51, 36612, 187
321, 50, 36633, 3469
322, 6, 36663, 613
323, 25, 36693, 5492
324, 13, 36714, 1122
325, 29, 36744, 2036
326, 5, 36764, 3581
327, 22, 36794, 765
328, 43, 36824, 493
329, 58, 36851, 1081
330, 29, 36872, 3268
331, 13, 36893, 5813
332, 17, 36920, 5663
333, 46, 36946, 310
334, 12, 36970, 4712
335, 4, 36997, 1851
336, 6, 37027, 2255
337, 25, 37055, 5600
338, 21, 37082, 3235
339, 23, 37109, 3350
340, 38, 37133, 1182
341, 18, 37156, 4083
342, 41, 37181, 1296
343, 26, 37209, 780
344, 29, 37230, 6927
345, 3, 37253, 5609
346, 46, 37277, 403
347, 18, 37298, 6062
348, 5, 37320, 5441
349, 53, 37346, 3484
350, 25, 37371, 4790
351, 50, 37400, 3695
352, 15, 37426, 541
353, 35, 37448, 6751
354, 35, 37472, 6893
355, 5, 37494, 7102
356, 25, 37514, 4385
357, 57, 37542, 5465
358, 20, 37567, 3442
359, 11, 37593, 3647
360, 46, 37619, 1429
361, 23, 37642, 5472
362, 16, 37672, 945
363, 19, 37692, 4139
364, 21, 37720, 2538
365, 17, 37740, 486
366, 26, 37769, 58
367, 50, 37798, 5682
368, 24, 37823, 3066
369, 5, 37847, 1938
370, 43, 37868, 2558
371, 50, 37898, 7066
372, 48, 37926, 602
373, 38, 37948, 1439
374, 45, 37971, 2449
375, 4, 37997, 2681
376, 29, 38027, 2974
377, 36, 38054, 5151
378, 27, 38084, 3426
379, 57, 38106, 5312
380, 11, 38127, 1591
381, 40, 38147, 3089
382, 28, 38169, 3987
383, 12, 38193, 5840
384, 55, 38221, 5701
385, 24, 38244, 3837
386, 50, 38273, 7033
387, 59, 38294, 6624
388, 23, 38315, 5047
389, 54, 38343, 6124
390, 7, 38371, 5728
391, 49, 38391, 4985
392, 31, 38416, 2871
393, 58, 38438, 2539
394, 36, 38466, 2912
395, 37, 38488, 774
396, 30, 38517, 3106
397, 32, 38541, 3254
398, 38, 38562, 3481
399, 3, 38588, 2066
400, 47, 38618, 3088
401, 21, 38641, 2588
402, 12, 38671, 3525
403, 24, 38700, 4250
404, 3, 38720, 1615
405, 41, 38749, 4615
406, 36, 38775, 2363
407, 11, 38801, 1543
408, 30, 38822, 3882
409, 34, 38849, 6731
410, 52, 38873, 950
411, 16, 38895, 6597
412, 46, 38924, 7032
413, 12, 38953, 1067
414, 14, 38983, 2751
415, 19, 39004, 2899
416, 21, 39033, 4269
417, 56, 39059, 5974
418, 3, 39087, 5278
419, 21, 39107, 4822
420, 15, 39133, 5345
421, 34, 39158, 1100
422, 41, 39188, 4209
423, 22, 39210, 3945
424, 16, 39233, 6639
425, 10, 39259, 6057
426, 21, 39285, 5306
427, 56, 39315, 5918
428, 30, 39339, 5520
429, 33, 39363, 3191
430, 30, 39391, 5321
431, 58, 39420, 3969
432, 52, 39441, 268
433, 44, 39461, 6231
434, 36, 39483, 348
435, 3, 39506, 6256
436, 35, 39527, 2778
437, 27, 39555, 4677
438, 21, 39578, 2611
439, 52, 39599, 3518
440, 41, 39620, 5163
441, 29, 39642, 6235
442, 30, 39662, 4806
443, 57, 39691, 4919
444, 45, 39720, 710
445, 31, 39740, 799
446, 54, 39767, 2186
447, 11, 39790, 4161
448, 31, 39810, 3691
449, 46, 39833, 6024
450, 12, 39853, 2446
451, 6, 39878, 7062
452, 29, 39908, 545
453, 14, 39929, 5257
454, 15, 39956, 4907
455, 13, 39980, 5870
456, 50, 40010, 6827
457, 21, 40030, 1223
458, 31, 40052, 6491
459, 28, 40075, 5787
460, 59, 40096, 5154
461, 59, 40125, 5778
462, 9, 40152, 1332
463, 38, 40177, 6114
464, 12, 40204, 218
465, 48, 40231, 6431
466, 32, 40260, 1233
467, 3, 40285, 1150
468, 58, 40315, 1791
469, 34, 40339, 4800
470, 59, 40359, 2369
471, 3, 40388, 415
472, 58, 40411, 2694
473, 10, 40441, 2946
474, 17, 40471, 6461
475, 54, 40499, 840
476, 29, 40527, 4380
477, 45, 40557, 4660
478, 28, 40587, 4362
479, 32, 40610, 6620
480, 34, 40630, 2312
481, 18, 40651, 4253
482, 60, 40672, 3135
483, 51, 40696, 3441
484, 13, 40726, 297
485, 36, 40746, 4720
486, 22, 40770, 1203
487, 58, 40793, 1211
488, 18, 40813, 3166
489, 34, 40839, 2739
490, 23, 40868, 1348
491, 17, 40895, 3290
492, 28, 40920, 5663
493, 15, 40950, 6765
494, 32, 40976, 5862
495, 10, 41003, 6509
496, 15, 41023, 943
497, 14, 41048, 1852
498, 19, 41077, 4985
499, 57, 41102, 5310
500, 32, 41129, 2635
501, 55, 41154, 6030
502, 7, 41176, 1858
503, 27, 41196, 1597
504, 33, 41221, 543
505, 30, 41242, 3371
506, 36, 41265, 6718
507, 16, 41287, 4864
508, 8, 41311, 5827
509, 51, 41332, 4859
510, 39, 41362, 2145
511, 29, 41392, 4349
512, 22, 41412, 1905
513, 40, 41436, 1038
514, 55, 41463, 2538
515, 21, 41492, 2776
516, 52, 41512, 4384
517, 6, 41535, 4740
518, 35, 41562, 3389
519, 3, 41586, 56
520, 54, 41610, 1569
521, 23, 41640, 5697
522, 45, 41665, 5190
523, 35, 41687, 4949
524, 43, 41713, 6100
525, 19, 41737, 4917
526, 41, 41764, 697
527, 21, 41786, 5941
528, 23, 41811, 4709
529, 30, 41835, 2647
530, 28, 41861, 920
531, 35, 41888, 3375
532, 40, 41915, 5366
533, 16, 41945, 3395
534, 29, 41968, 3087
535, 9, 41996, 4566
536, 37, 42017, 163
537, 50, 42037, 3167
538, 59, 42064, 4703
539, 13, 42094, 2511
540, 47, 42118, 5784
541, 9, 42146, 1332
542, 8, 42169, 2721
543, 57, 42190, 3638
544, 32, 42215, 3639
545, 22, 42240, 6863
546, 52, 42261, 1800
547, 55, 42282, 6517
548, 47, 42311, 1351
549, 13, 42337, 6053
550, 20, 42357, 3925
551, 59, 42378, 5396
552, 59, 42406, 669
553, 31, 42432, 6877
554, 39, 42454, 6061
555, 50, 42481, 4138
556, 48, 42505, 5736
557, 57, 42528, 6490
558, 24, 42555, 837
559, 10, 42575, 2398
560, 41, 42603, 2303
561, 57, 42632, 7054
562, 5, 42662, 2951
563, 34, 42689, 877
564, 22, 42713, 7066
565, 32, 42741, 2959
566, 3, 42770, 5911
567, 19, 42792, 693
568, 12, 42819, 5285
569, 38, 42846, 2305
570, 50, 42870, 5158
571, 47, 42898, 673
572, 28, 42924, 5218
573, 39, 42952, 4081
574, 52, 42979, 3486
575, 31, 43002, 2650
576, 41, 43027, 6630
577, 15, 43049, 5891
578, 17, 43069, 2211
579, 60, 43097, 4890
580, 10, 43119, 4441
581, 46, 43147, 4625
582, 36, 43175, 810
583, 29, 43203, 2868
584, 10, 43232, 5764
585, 54, 43262, 5753
586, 40, 43299, 7194
587, 25, 43336, 2923
588, 21, 43373, 7185
589, 50, 43412, 158
590, 5, 43439, 4650
591, 5, 43479, 1406
592, 19, 43515, 5842
593, 38, 43549, 2865
594, 42, 43586, 2049
595, 17, 43613, 1742
596, 13, 43651, 2213
597, 45, 43690, 1950
598, 43, 43721, 1413
599, 60, 43753, 2914
600, 59, 43790, 4205
601, 32, 43821, 1005
602, 25, 43850, 7023
603, 17, 43885, 2925
604, 50, 43925, 2218
605, 3, 43956, 2816
606, 38, 43992, 6795
607, 5, 44033, 2400
608, 29, 44074, 1736
609, 60, 44110, 1957
610, 53, 44137, 1288
611, 18, 44167, 4855
612, 13, 44200, 850
613, 27, 44227, 803
614, 60, 44262, 2978
615, 25, 44291, 2801
616, 16, 44319, 6767
617, 23, 44351, 6587
618, 54, 44390, 915
619, 10, 44418, 2282
620, 10, 44453, 3686
621, 51, 44493, 678
622, 40, 44533, 2321
623, 21, 44571, 80
624, 51, 44604, 6147
625, 11, 44638, 338
626, 35, 44679, 4251
627, 16, 44712, 6556
628, 16, 44751, 6877
629, 28, 44786, 6038
630, 43, 44821, 4488
631, 43, 44861, 5998
632, 60, 44898, 3815
633, 41, 44935, 585
634, 58, 44976, 4629
635, 20, 45004, 300
636, 43, 45036, 2121
637, 5, 45076, 947
638, 28, 45105, 3818
639, 33, 45140, 586
640, 32, 45172, 3788
641, 39, 45208, 3917
642, 22, 45236, 134
643, 18, 45276, 4730
644, 48, 45312, 2809
645, 25, 45351, 37
646, 57, 45381, 3472
647, 53, 45414, 1257
648, 35, 45448, 391
649, 32, 45487, 5292
650, 37, 45521, 1788
651, 17, 45555, 5435
652, 30, 45592, 5405
653, 43, 45621, 1312
654, 12, 45660, 495
655, 9, 45696, 1349
656, 33, 45733, 180
657, 33, 45770, 452
658, 59, 45798, 7127
659, 9, 45835, 55
660, 42, 45870, 1574
661, 39, 45898, 3145
662, 3, 45929, 4743
663, 40, 45970, 4036
664, 16, 46005, 3110
665, 53, 46040, 1040
666, 20, 46079, 182
667, 56, 46115, 5186
668, 9, 46143, 7137
669, 10, 46170, 5843
670, 28, 46206, 728
671, 12, 46237, 3900
672, 7, 46278, 328
673, 14, 46317, 5179
674, 20, 46357, 6070
675, 37, 46387, 5180
676, 26, 46419, 255
677, 13, 46452, 6448
678, 29, 46479, 6874
679, 30, 46516, 1398
680, 53, 46545, 5896
681, 49, 46584, 274
682, 38, 46612, 2170
683, 23, 46643, 765
684, 14, 46671, 2277
685, 4, 46698, 6385
686, 37, 46739, 4619
687, 10, 46770, 1584
688, 31, 46810, 3455
689, 23, 46869, 1978
690, 13, 46923, 586
691, 27, 46976, 5271
692, 35, 47020, 6927
693, 13, 47067, 5970
694, 52, 47108, 4988
695, 14, 47157, 2976
696, 56, 47199, 2817
697, 43, 47242, 5677
698, 41, 47298, 3878
699, 46, 47349, 2735
700, 12, 47399, 4515
701, 38, 47445, 4689
702, 26, 47493, 4730
703, 29, 47549, 3324
704, 16, 47605, 1797
705, 36, 47652, 3963
706, 56, 47708, 3779
707, 11, 47763, 1179
708, 60, 47818, 540
709, 43, 47859, 6681
710, 9, 47913, 632
711, 15, 47966, 5037
712, 51, 48018, 6999
713, 10, 48064, 6168
714, 9, 48114, 337
715, 10, 48156, 3825
716, 47, 48205, 2757
717, 40, 48253, 4194
718, 42, 48304, 4486
719, 21, 48357, 518
720, 9, 48408, 5948
721, 29, 48457, 2716
722, 44, 48514, 4262
723, 58, 48562, 3042
724, 13, 48603, 3020
725, 4, 48652, 3142
726, 60, 48701, 5405
727, 11, 48754, 4704
728, 3, 48805, 6268
729, 58, 48862, 6464
730, 36, 48908, 2172
731, 55, 48966, 590
732, 8, 49017, 2686
733, 57, 49070, 2764
734, 18, 49126, 2937
735, 36, 49173, 4820
736, 23, 49218, 4591
737, 38, 49276, 854
738, 36, 49322, 863
739, 6, 49378, 1618
740, 18, 49436, 3223
741, 15, 49477, 4428
742, 20, 49537, 6507
743, 34, 49582, 1944
744, 53, 49633, 3091
745, 6, 49694, 253
746, 21, 49737, 2855
747, 44, 49792, 4297
748, 55, 49839, 6967
749, 43, 49900, 4596
750, 56, 49959, 4936
751, 9, 50015, 753
752, 28, 50061, 6721
753, 36, 50107, 4704
754, 45, 50160, 858
755, 48, 50211, 3740
756, 41, 50254, 6864
757, 40, 50299, 5088
758, 4, 50360, 3994
759, 55, 50416, 3978
760, 46, 50462, 1330
761, 35, 50506, 4399
762, 59, 50565, 4658
763, 9, 50618, 2858
764, 20, 50664, 3705
765, 29, 50715, 5677
766, 22, 50759, 3163
767, 17, 50805, 1407
768, 21, 50864, 6100
769, 58, 50906, 6141
770, 28, 50949, 4871
771, 24, 50994, 5456
772, 46, 51036, 3398
773, 55, 51091, 3331
774, 4, 51140, 747
775, 45, 51201, 5267
776, 48, 51261, 7018
777, 12, 51310, 1367
778, 60, 51362, 4595
779, 39, 51416, 2861
780, 11, 51474, 1799
781, 50, 51529, 5571
782, 13, 51589, 2255
783, 25, 51631, 5756
784, 52, 51683, 4552
785, 24, 51730, 7127
786, 10, 51778, 6135
787, 5, 51837, 6999
788, 21, 51889, 4879
789, 22, 51932, 4042
790, 19, 51978, 79
791, 49, 52019, 4207
792, 7, 52076, 5277
793, 36, 52122, 1462
794, 34, 52174, 725
795, 18, 52234, 6675
796, 16, 52284, 2252
797, 54, 52342, 1559
798, 25, 52387, 6190
799, 30, 52441, 3028
800, 53, 52491, 2390
801, 42, 52532, 2545
802, 16, 52592, 6006
803, 11, 52652, 2762
804, 25, 52703, 1228
805, 58, 52760, 6190
806, 22, 52808, 4762
807, 49, 52849, 5638
808, 60, 52890, 3809
809, 34, 52946, 6116
810, 11, 52989, 987
811, 12, 53049, 6948
812, 50, 53090, 4868
813, 34, 53142, 4505
814, 58, 53194, 6871
815, 48, 53245, 3596
816, 37, 53292, 6491
817, 18, 53353, 2494
818, 18, 53399, 3587
819, 28, 53447, 3781
820, 17, 53494, 5987
821, 3, 53535, 1596
822, 36, 53581, 389
823, 12, 53639, 6018
824, 16, 53688, 4342
825, 15, 53749, 7124
826, 42, 53806, 7146
827, 35, 53863, 4961
828, 48, 53913, 4797
829, 36, 53961, 3931
830, 49, 54021, 4533
831, 28, 54061, 2006
832, 58, 54094, 5527
833, 11, 54130, 3062
834, 20, 54165, 5198
835, 27, 54195, 1087
836, 8, 54224, 1933
837, 19, 54265, 5252
838, 26, 54299, 3110
839, 14, 54326, 7177
840, 9, 54362, 5613
841, 41, 54392, 6194
842, 47, 54423, 1923
843, 35, 54463, 4169
844, 17, 54497, 833
845, 28, 54525, 4165
846, 48, 54553, 5516
847, 15, 54591, 904
848, 31, 54631, 4874
849, 49, 54670, 3360
850, 38, 54702, 5111
851, 38, 54729, 1875
852, 10, 54761, 4061
853, 51, 54790, 6485
854, 27, 54822, 5677
855, 32, 54860, 436
856, 21, 54887, 5586
857, 36, 54925, 7149
858, 9, 54954, 4902
859, 56, 54993, 4253
860, 24, 55032, 5341
861, 3, 55068, 3950
862, 8, 55095, 6586
863, 32, 55132, 1356
864, 51, 55172, 6971
865, 52, 55209, 6249
866, 18, 55249, 5748
867, 20, 55280, 4938
868, 54, 55317, 4496
869, 58, 55344, 2347
870, 17, 55384, 5165
871, 20, 55425, 1916
872, 22, 55454, 232
873, 36, 55484, 2262
874, 13, 55513, 4582
875, 10, 55540, 1422
876, 42, 55579, 1764
877, 56, 55614, 747
878, 9, 55642, 4250
879, 31, 55675, 132
880, 15, 55711, 6643
881, 25, 55745, 3340
882, 17, 55775, 6808
883, 36, 55812, 3639
884, 12, 55841, 2726
885, 34, 55869, 6557
886, 16, 55910, 1916
887, 48, 55942, 6325
888, 31, 55975, 4414
889, 42, 56010, 3204
890, 49, 56050, 2674
891, 28, 56084, 3150
892, 32, 56124, 1152
893, 52, 56156, 5980
894, 41, 56185, 4214
895, 57, 56215, 5364
896, 13, 56245, 3584
897, 16, 56282, 136
898, 14, 56323, 3092
899, 40, 56360, 3680
900, 56, 56389, 7058
901, 27, 56420, 673
902, 48, 56454, 3906
903, 43, 56488, 5418
904, 37, 56525, 5620
905, 27, 56558, 2166
906, 59, 56596, 6312
907, 12, 56634, 4680
908, 34, 56672, 443
909, 10, 56710, 2852
910, 57, 56740, 4546
911, 38, 56776, 646
912, 35, 56807, 5742
913, 21, 56843, 6763
914, 48, 56877, 2351
915, 54, 56905, 4057
916, 52, 56932, 4057
917, 50, 56973, 2261
918, 29, 57004, 6542
919, 52, 57034, 5263
920, 35, 57062, 2759
921, 23, 57102, 3314
922, 56, 57136, 2153
923, 55, 57171, 6500
924, 24, 57210, 2737
925, 3, 57248, 650
926, 3, 57287, 457
927, 27, 57315, 1608
928, 57, 57344, 3140
929, 23, 57378, 4517
930, 21, 57417, 253
931, 11, 57445, 844
932, 13, 57477, 1574
933, 57, 57507, 1260
934, 21, 57535, 1567
935, 14, 57569, 3455
936, 6, 57607, 5003
937, 4, 57643, 3758
938, 47, 57670, 4053
939, 27, 57706, 2619
940, 15, 57736, 4930
941, 46, 57767, 5620
942, 28, 57796, 2849
943, 55, 57825, 5206
944, 6, 57864, 6984
945, 23, 57893, 6433
946, 27, 57930, 1920
947, 42, 57959, 4854
948, 49, 57997, 1691
949, 53, 58035, 6945
950, 14, 58062, 5943
951, 12, 58090, 5111
952, 36, 58131, 6169
953, 47, 58166, 1336
954, 45, 58204, 3347
955, 19, 58242, 2874
956, 51, 58269, 4584
957, 29, 58301, 7031
958, 47, 58329, 3491
959, 23, 58369, 3796
960, 35, 58410, 4290
961, 26, 58442, 6584
962, 47, 58479, 5793
963, 53, 58511, 3945
964, 40, 58544, 1731
965, 18, 58574, 2432
966, 21, 58613, 6162
967, 22, 58643, 6187
968, 21, 58674, 6242
969, 5, 58710, 5363
970, 11, 58741, 603
971, 8, 58770, 6732
972, 4, 58798, 4191
973, 38, 58839, 599
974, 8, 58868, 737
975, 54, 58908, 645
976, 17, 58945, 2150
977, 54, 58980, 5191
978, 18, 59008, 2220
979, 48, 59039, 6055
980, 6, 59070, 1012
981, 14, 59109, 4234
982, 7, 59148, 6732
983, 49, 59185, 5229
984, 44, 59221, 2693
985, 54, 59249, 5418
986, 36, 59286, 1216
987, 28, 59319, 4140
988, 39, 59351, 5118
989, 9, 59385, 2254
990, 7, 59418, 5609
991, 45, 59447, 4486
992, 33, 59481, 2746
993, 45, 59512, 2536
994, 50, 59546, 1347
995, 14, 59576, 4960
996, 24, 59607, 3817
997, 54, 59647, 5209
998, 50, 59679, 4415
999, 17, 59708, 992
1000, 13, 59741, 6129
1001, 56, 59778, 1647
1002, 33, 59813, 1034
1003, 57, 59842, 3799
1004, 39, 59871, 487
1005, 24, 59908, 138
1006, 13, 59945, 1346
1007, 9, 59980, 649
1008, 58, 60018, 4996
1009, 58, 60051, 2785
1010, 38, 60083, 531
1011, 38, 60116, 3852
1012, 55, 60157, 14
1013, 5, 60188, 1540
1014, 8, 60217, 5115
1015, 44, 60258, 5379
1016, 19, 60294, 5514
1017, 57, 60323, 3422
1018, 58, 60357, 820
1019, 50, 60397, 5213
1020, 40, 60430, 1832
1021, 22, 60470, 4749
1022, 41, 60497, 6956
1023, 44, 60531, 915
1024, 21, 60559, 629
1025, 4, 60597, 1805
1026, 3, 60630, 3590
1027, 50, 60661, 5195
1028, 42, 60696, 1040
1029, 46, 60728, 4973
1030, 6, 60758, 1419
1031, 6, 60790, 494
1032, 13, 60825, 4961
1033, 11, 60863, 3031
1034, 25, 60898, 3315
1035, 7, 60926, 5287
1036, 27, 60962, 4235
1037, 47, 60990, 6720
1038, 12, 61029, 3526
1039, 8, 61057, 7095
1040, 45, 61085, 3796
1041, 19, 61114, 2116
1042, 43, 61154, 4634
1043, 3, 61190, 870
1044, 18, 61224, 5563
1045, 19, 61258, 7141
1046, 56, 61292, 413
1047, 54, 61321, 3227
1048, 4, 61359, 2398
1049, 47, 61387, 4611
1050, 7, 61425, 6840
1051, 46, 61453, 5780
1052, 55, 61480, 1596
1053, 14, 61519, 6426
1054, 4, 61548, 3184
1055, 24, 61575, 1042
1056, 60, 61615, 3452
1057, 38, 61647, 121
1058, 52, 61685, 5637
1059, 38, 61721, 6696
1060, 45, 61753, 3181
1061, 12, 61787, 2755
1062, 50, 61821, 6317
1063, 8, 61850, 188
1064, 42, 61882, 3440
1065, 48, 61918, 1285
1066, 10, 61949, 1925
1067, 28, 61989, 6707
1068, 16, 62030, 1496
1069, 5, 62060, 3666
1070, 18, 62087, 6882
1071, 29, 62116, 5643
1072, 10, 62152, 2982
1073, 54, 62181, 1864
1074, 16, 62209, 793
1075, 47, 62242, 4651
1076, 25, 62277, 4643
1077, 13, 62313, 1034
1078, 60, 62344, 4428
1079, 40, 62383, 1208
1080, 57, 62419, 4280
1081, 52, 62451, 2633
1082, 59, 62488, 3586
1083, 6, 62516, 3257
1084, 29, 62543, 1231
1085, 26, 62583, 5885
1086, 4, 62621, 6165
1087, 12, 62653, 6014
1088, 11, 62693, 977
1089, 10, 62728, 5140
1090, 38, 62755, 6422
1091, 6, 62792, 850
1092, 52, 62831, 6067
1093, 44, 62859, 3086
1094, 26, 62892, 1254
1095, 13, 62924, 5082
1096, 14, 62957, 4993
1097, 33, 62991, 2778
1098, 60, 63025, 3123
1099, 26, 63065, 3369
1100, 11, 63095, 3316
1101, 4, 63136, 3003
1102, 24, 63174, 3396
1103, 7, 63207, 952
1104, 56, 63247, 4840
1105, 6, 63281, 4397
1106, 26, 63320, 1432
1107, 13, 63355, 7150
1108, 56, 63391, 6911
1109, 34, 63424, 813
1110, 38, 63456, 1540
1111, 15, 63488, 5803
1112, 52, 63528, 893
1113, 3, 63567, 4336
1114, 22, 63596, 1026
1115, 36, 63634, 1299
1116, 7, 63668, 1603
1117, 26, 63698, 586
1118, 44, 63732, 4969
1119, 12, 63767, 2389
1120, 43, 63799, 4878
1121, 34, 63833, 313
1122, 3, 63865, 3091
1123, 10, 63903, 2928
1124, 42, 63930, 1607
1125, 5, 63970, 6039
1126, 6, 63998, 3641
1127, 55, 64030, 289
1128, 51, 64058, 4979
1129, 17, 64099, 3831
1130, 27, 64129, 762
1131, 37, 64158, 6331
1132, 36, 64191, 1612
1133, 44, 64222, 6630
1134, 21, 64258, 6451
1135, 45, 64296, 3688
1136, 8, 64325, 3678
1137, 15, 64362, 2905
1138, 3, 64390, 1401
1139, 55, 64417, 6285
1140, 17, 64457, 989
1141, 15, 64486, 5879
1142, 45, 64518, 2348
1143, 24, 64556, 4796
1144, 29, 64589, 4524
1145, 42, 64624, 6566
1146, 6, 64662, 2371
1147, 24, 64699, 112
1148, 44, 64731, 197
1149, 16, 64763, 2888
1150, 35, 64801, 7024
1151, 39, 64829, 5518
1152, 41, 64859, 3303
1153, 40, 64896, 2534
1154, 42, 64928, 1840
1155, 51, 64961, 6156
1156, 35, 64992, 272
1157, 22, 65020, 3613
1158, 14, 65053, 2443
1159, 23, 65083, 186
1160, 60, 65115, 5809
1161, 54, 65152, 4490
1162, 51, 65184, 3397
1163, 23, 65214, 5355
1164, 45, 65255, 5227
1165, 33, 65285, 6239
1166, 4, 65315, 4572
1167, 19, 65344, 2921
1168, 22, 65385, 4636
1169, 53, 65417, 4401
1170, 23, 65454, 6562
1171, 37, 65485, 2044
1172, 47, 65515, 312
1173, 41, 65545, 1715
1174, 11, 65584, 1265
1175, 5, 65619, 6683
1176, 60, 65659, 5595
1177, 39, 65694, 3380
1178, 4, 65724, 6388
1179, 6, 65764, 4026
1180, 9, 65795, 4390
1181, 57, 65832, 4212
1182, 39, 65860, 5809
1183, 34, 65900, 4569
1184, 18, 65930, 774
1185, 53, 65969, 567
1186, 9, 65997, 988
1187, 47, 66024, 1109
1188, 16, 66064, 3839
1189, 48, 66105, 6888
1190, 16, 66146, 1294
1191, 21, 66183, 4137
1192, 49, 66217, 6198
1193, 12, 66246, 6844
1194, 46, 66274, 2010
1195, 17, 66304, 4366
1196, 17, 66343, 3958
1197, 36, 66382, 6814
1198, 45, 66421, 887
1199, 40, 66449, 1097
1200, 44, 66477, 900
1201, 4, 66510, 59
1202, 11, 66541, 6573
1203, 6, 66572, 3388
1204, 9, 66610, 6475
1205, 13, 66641, 2572
1206, 12, 66671, 2349
1207, 36, 66706, 6469
1208, 42, 66737, 3719
1209, 35, 66771, 3001
1210, 58, 66798, 169
1211, 32, 66825, 5935
1212, 17, 66857, 7018
1213, 27, 66889, 5804
1214, 46, 66917, 2590
1215, 9, 66953, 3694
1216, 20, 66989, 6151
1217, 56, 67028, 4427
1218, 39, 67069, 4483
1219, 26, 67108, 2130
1220, 42, 67144, 589
1221, 53, 67172, 6240
1222, 39, 67203, 6385
1223, 20, 67241, 1301
1224, 23, 67281, 175
1225, 39, 67311, 3371
1226, 5, 67338, 6801
1227, 45, 67365, 4698
1228, 39, 67403, 501
1229, 15, 67430, 5011
1230, 52, 67460, 6752
1231, 24, 67490, 4759
1232, 38, 67517, 6517
1233, 55, 67558, 4419
1234, 12, 67592, 4099
1235, 7, 67622, 5909
1236, 46, 67658, 1991
1237, 25, 67695, 4350
1238, 29, 67735, 473
1239, 33, 67773, 4953
1240, 57, 67803, 872
1241, 34, 67831, 3298
1242, 47, 67858, 4335
1243, 6, 67891, 552
1244, 22, 67922, 1199
1245, 13, 67950, 921
1246, 27, 67982, 3316
1247, 46, 68018, 5429
1248, 60, 68049, 2728
1249, 53, 68090, 3815
1250, 38, 68118, 6253
1251, 52, 68154, 777
1252, 16, 68182, 352
1253, 11, 68219, 3122
1254, 8, 68260, 920
1255, 31, 68294, 1898
1256, 43, 68321, 1932
1257, 6, 68354, 962
1258, 31, 68388, 1778
1259, 51, 68423, 5627
1260, 51, 68468, 2236
1261, 59, 68510, 2506
1262, 20, 68552, 3788
1263, 40, 68598, 4544
1264, 45, 68642, 7097
1265, 16, 68683, 818
1266, 26, 68740, 2757
1267, 5, 68801, 4647
1268, 17, 68856, 870
1269, 43, 68917, 6601
1270, 57, 68958, 6385
1271, 8, 69016, 6969
1272, 34, 69059, 5881
1273, 24, 69108, 1860
1274, 45, 69167, 1957
1275, 43, 69217, 4950
1276, 7, 69276, 2247
1277, 34, 69323, 7119
1278, 57, 69379, 762
1279, 16, 69426, 3117
1280, 54, 69476, 5034
1281, 50, 69532, 7051
1282, 59, 69576, 3112
1283, 30, 69630, 5326
1284, 23, 69687, 1112
1285, 19, 69743, 3536
1286, 52, 69789, 5842
1287, 26, 69844, 3026
1288, 41, 69886, 2041
1289, 23, 69928, 5135
1290, 54, 69978, 197
1291, 43, 70031, 7147
1292, 28, 70088, 3070
1293, 33, 70147, 4403
1294, 6, 70192, 4270
1295, 46, 70252, 1045
1296, 49, 70301, 3627
1297, 24, 70349, 4727
1298, 60, 70391, 1886
1299, 49, 70448, 4940
1300, 52, 70503, 6814
1301, 17, 70560, 1621
1302, 19, 70607, 1769
1303, 14, 70656, 2288
1304, 57, 70702, 368
1305, 13, 70753, 4308
1306, 31, 70800, 6378
1307, 17, 70855, 3069
1308, 52, 70896, 3549
1309, 13, 70950, 6400
1310, 54, 70994, 383
1311, 20, 71047, 5383
1312, 14, 71108, 94
1313, 4, 71149, 573
1314, 52, 71193, 2394
1315, 56, 71234, 6653
1316, 46, 71295, 560
1317, 7, 71344, 5272
1318, 58, 71403, 2842
1319, 22, 71444, 3253
1320, 13, 71505, 6296
1321, 34, 71549, 6549
1322, 31, 71602, 236
1323, 59, 71660, 6951
1324, 21, 71712, 4240
1325, 54, 71770, 6928
1326, 18, 71815, 268
1327, 47, 71856, 3689
1328, 29, 71913, 1171
1329, 55, 71972, 5855
1330, 52, 72026, 304
1331, 38, 72069, 4456
1332, 8, 72124, 3400
1333, 7, 72171, 6789
1334, 56, 72212, 5537
1335, 40, 72269, 5863
1336, 10, 72323, 633
1337, 28, 72364, 1815
1338, 22, 72413, 5312
1339, 19, 72457, 3719
1340, 36, 72518, 1302
1341, 33, 72573, 225
1342, 15, 72620, 541
1343, 46, 72668, 7095
1344, 34, 72724, 6633
1345, 58, 72771, 4353
1346, 43, 72829, 168
1347, 39, 72877, 3860
1348, 41, 72930, 4105
1349, 54, 72979, 6567
1350, 42, 73030, 5320
1351, 37, 73084, 4049
1352, 17, 73145, 1991
1353, 54, 73188, 4326
1354, 49, 73232, 5037
1355, 57, 73292, 1851
1356, 15, 73343, 1464
1357, 29, 73397, 6405
1358, 24, 73442, 979
1359, 30, 73502, 6736
1360, 40, 73562, 2536
1361, 7, 73619, 4038
1362, 10, 73667, 2190
1363, 60, 73709, 1196
1364, 45, 73751, 2882
1365, 51, 73810, 1768
1366, 56, 73858, 2248
1367, 40, 73909, 3021
1368, 54, 73952, 1891
1369, 34, 74005, 5331
1370, 13, 74063, 3457
1371, 25, 74112, 2324
1372, 32, 74172, 3388
1373, 38, 74232, 4708
1374, 21, 74291, 3104
1375, 53, 74351, 6410
1376, 26, 74398, 2327
1377, 20, 74453, 5014
1378, 27, 74513, 1388
1379, 7, 74564, 2825
1380, 8, 74613, 5924
1381, 11, 74667, 5926
1382, 15, 74727, 3859
1383, 12, 74782, 5902
1384, 7, 74831, 5230
1385, 54, 74883, 6824
1386, 32, 74937, 1377
1387, 27, 74994, 6442
1388, 39, 75042, 39
1389, 37, 75087, 1381
1390, 45, 75135, 4166
1391, 13, 75195, 707
1392, 32, 75256, 6378
1393, 15, 75303, 2787
1394, 38, 75358, 3119
1395, 23, 75416, 4763
1396, 51, 75462, 6519
1397, 51, 75515, 5943
1398, 44, 75575, 1319
1399, 33, 75618, 2551
1400, 16, 75647, 569
1401, 43, 75669, 2362
1402, 55, 75690, 26
1403, 21, 75716, 3847
1404, 42, 75745, 2322
1405, 40, 75775, 5793
1406, 41, 75801, 1634
1407, 40, 75829, 198
1408, 24, 75850, 130
1409, 19, 75873, 7012
1410, 41, 75893, 5646
1411, 21, 75918, 4986
1412, 13, 75947, 6510
1413, 25, 75975, 1683
1414, 44, 76000, 69
1415, 16, 76024, 305
1416, 18, 76051, 6980
1417, 25, 76081, 4724
1418, 42, 76111, 126
1419, 23, 76135, 3628
1420, 38, 76156, 4564
1421, 54, 76183, 5030
1422, 9, 76203, 5491
1423, 6, 76230, 384
1424, 23, 76255, 5823
1425, 51, 76284, 5962
1426, 41, 76306, 2128
1427, 52, 76330, 4717
1428, 58, 76359, 2740
1429, 29, 76385, 3581
1430, 57, 76413, 7050
1431, 47, 76436, 7062
1432, 51, 76464, 1884
1433, 39, 76490, 403
1434, 8, 76512, 5023
1435, 9, 76540, 2562
1436, 21, 76562, 5184
1437, 59, 76586, 1624
1438, 32, 76610, 5245
1439, 18, 76633, 1520
1440, 40, 76659, 5576
1441, 57, 76679, 4260
1442, 38, 76704, 7044
1443, 3, 76731, 2907
1444, 34, 76756, 5370
1445, 44, 76783, 888
1446, 60, 76805, 159
1447, 47, 76835, 5115
1448, 22, 76856, 6286
1449, 3, 76876, 9
1450, 5, 76903, 2863
1451, 22, 76933, 2089
1452, 11, 76953, 6219
1453, 12, 76977, 4300
1454, 20, 77002, 6503
1455, 3, 77023, 199
1456, 18, 77053, 53
1457, 30, 77083, 5932
1458, 32, 77112, 998
1459, 41, 77138, 3040
1460, 30, 77163, 1147
1461, 58, 77183, 6812
1462, 25, 77209, 5168
1463, 8, 77238, 4925
1464, 51, 77265, 2011
1465, 40, 77295, 617
1466, 20, 77323, 2184
1467, 47, 77344, 1411
1468, 51, 77374, 6189
1469, 45, 77395, 1477
1470, 40, 77421, 4582
1471, 57, 77451, 3225
1472, 54, 77477, 5310
1473, 44, 77506, 5384
1474, 22, 77527, 5679
1475, 35, 77548, 2459
1476, 24, 77571, 6890
1477, 17, 77599, 5382
1478, 60, 77625, 3230
1479, 49, 77654, 6895
1480, 11, 77677, 1501
1481, 46, 77698, 4897
1482, 50, 77727, 3174
1483, 40, 77747, 4314
1484, 33, 77771, 6597
1485, 38, 77799, 5122
1486, 47, 77826, 3258
1487, 12, 77849, 976
1488, 6, 77872, 3981
1489, 23, 77897, 185
1490, 29, 77925, 6196
1491, 44, 77949, 2189
1492, 57, 77976, 6393
1493, 53, 78002, 6056
1494, 17, 78026, 5505
1495, 37, 78050, 1054
1496, 35, 78076, 4684
1497, 37, 78104, 6379
1498, 52, 78125, 4477
1499, 8, 78150, 5877
1500, 20, 78179, 4415
1501, 35, 78201, 3891
1502, 56, 78223, 3399
1503, 34, 78244, 4333
1504, 21, 78273, 2295
1505, 60, 78297, 3913
1506, 60, 78317, 2994
1507, 25, 78345, 3574
1508, 51, 78365, 3253
1509, 54, 78386, 709
1510, 6, 78408, 4895
1511, 25, 78437, 3411
1512, 60, 78464, 2839
1513, 46, 78493, 875
1514, 23, 78523, 5388
1515, 17, 78548, 5587
1516, 4, 78571, 6167
1517, 32, 78595, 4216
1518, 17, 78620, 389
1519, 16, 78645, 3769
1520, 6, 78670, 4694
1521, 3, 78699, 339
1522, 51, 78728, 3209
1523, 6, 78754, 241
1524, 39, 78777, 6557
1525, 24, 78805, 5922
1526, 20, 78830, 5359
1527, 4, 78860, 5725
1528, 9, 78884, 4216
1529, 24, 78908, 311
1530, 44, 78933, 977
1531, 31, 78960, 2583
1532, 38, 78980, 5082
1533, 31, 79004, 407
1534, 42, 79025, 5473
1535, 17, 79050, 1390
1536, 55, 79079, 1495
1537, 18, 79103, 3791
1538, 53, 79131, 2150
1539, 52, 79159, 2460
1540, 16, 79181, 1315
1541, 35, 79210, 4665
1542, 40, 79230, 236
1543, 44, 79250, 3205
1544, 45, 79271, 3900
1545, 21, 79292, 2587
1546, 34, 79322, 8
1547, 34, 79343, 4084
1548, 29, 79373, 4406
1549, 47, 79400, 4042
1550, 28, 79425, 5800
1551, 36, 79446, 845
1552, 7, 79471, 1607
1553, 16, 79496, 1793
1554, 19, 79521, 3276
1555, 39, 79550, 5315
1556, 16, 79572, 925
1557, 22, 79593, 7097
1558, 7, 79623, 415
1559, 38, 79652, 2277
1560, 43, 79678, 2942
1561, 52, 79700, 22
1562, 41, 79722, 5409
1563, 6, 79752, 2556
1564, 14, 79773, 876
1565, 56, 79793, 1493
1566, 8, 79821, 1580
1567, 49, 79848, 1914
1568, 30, 79876, 5406
1569, 19, 79900, 1923
1570, 24, 79929, 3172
1571, 26, 79955, 4141
1572, 24, 79985, 2381
1573, 38, 80013, 1921
1574, 25, 80040, 578
1575, 6, 80070, 2569
1576, 7, 80093, 4353
1577, 11, 80121, 77
1578, 6, 80148, 4727
1579, 30, 80173, 5043
1580, 45, 80193, 1002
1581, 11, 80217, 6408
1582, 32, 80243, 292
1583, 6, 80272, 3644
1584, 27, 80301, 5704
1585, 10, 80321, 6720
1586, 14, 80345, 4728
1587, 16, 80374, 5422
1588, 55, 80402, 4747
1589, 58, 80429, 5369
1590, 6, 80459, 3482
1591, 3, 80479, 5803
1592, 36, 80500, 3826
1593, 35, 80520, 270
1594, 54, 80544, 375
1595, 29, 80566, 1479
1596, 23, 80596, 323
1597, 21, 80616, 6767
1598, 31, 80636, 2878
1599, 34, 80663, 3370
1600, 45, 80691, 6145
1601, 14, 80716, 4898
1602, 50, 80744, 4664
1603, 30, 80764, 3967
1604, 24, 80794, 5140
1605, 30, 80821, 4957
1606, 18, 80847, 1777
1607, 58, 80869, 3293
1608, 18, 80892, 4165
1609, 4, 80912, 5372
1610, 43, 80942, 2578
1611, 29, 80972, 990
1612, 3, 80995, 1720
1613, 21, 81019, 6288
1614, 51, 81048, 334
1615, 47, 81074, 327
1616, 47, 81104, 4696
1617, 32, 81133, 1958
1618, 56, 81155, 5634
1619, 41, 81175, 5527
1620, 24, 81203, 6895
1621, 18, 81233, 4144
1622, 40, 81260, 6299
1623, 7, 81286, 6475
1624, 23, 81310, 641
1625, 24, 81331, 6770
1626, 57, 81358, 4704
1627, 49, 81381, 4894
1628, 59, 81401, 233
1629, 22, 81421, 523
1630, 58, 81446, 146
1631, 32, 81475, 4944
1632, 24, 81501, 3163
1633, 43, 81531, 4997
1634, 10, 81553, 446
1635, 35, 81583, 612
1636, 57, 81613, 5331
1637, 36, 81635, 5398
1638, 47, 81656, 5440
1639, 33, 81682, 2531
1640, 59, 81711, 3680
1641, 31, 81733, 2837
1642, 53, 81755, 3207
1643, 32, 81775, 4823
1644, 10, 81804, 687
1645, 28, 81831, 1524
1646, 7, 81852, 2909
1647, 5, 81878, 7142
1648, 45, 81899, 2205
1649, 55, 81925, 3685
1650, 31, 81949, 5111
1651, 25, 81974, 6970
1652, 23, 81996, 5499
1653, 50, 82021, 6350
1654, 31, 82050, 5800
1655, 58, 82075, 6234
1656, 57, 82095, 45
1657, 30, 82120, 712
1658, 15, 82141, 4272
1659, 41, 82163, 5215
1660, 33, 82188, 1410
1661, 38, 82209, 3217
1662, 53, 82236, 5336
1663, 13, 82266, 3499
1664, 35, 82289, 3575
1665, 26, 82310, 1907
1666, 37, 82330, 3954
1667, 9, 82360, 1250
1668, 13, 82380, 4520
1669, 44, 82403, 1596
1670, 12, 82427, 1733
1671, 19, 82457, 4773
1672, 32, 82478, 5650
1673, 7, 82506, 3050
1674, 37, 82529, 6108
1675, 8, 82558, 6186
1676, 31, 82581, 1821
1677, 60, 82604, 5388
1678, 19, 82626, 5391
1679, 19, 82654, 2078
1680, 44, 82684, 5810
1681, 42, 82711, 1019
1682, 13, 82735, 5496
1683, 3, 82758, 4117
1684, 54, 82786, 962
1685, 42, 82809, 870
1686, 32, 82841, 4919
1687, 6, 82882, 1148
1688, 44, 82917, 1710
1689, 39, 82954, 3540
1690, 6, 82988, 6321
1691, 19, 83024, 4420
1692, 6, 83062, 5582
1693, 49, 83103, 6856
1694, 54, 83136, 6108
1695, 27, 83168, 4423
1696, 9, 83207, 769
1697, 9, 83241, 7084
1698, 52, 83278, 4533
1699, 49, 83306, 4312
1700, 57, 83341, 4141
1701, 10, 83371, 3518
1702, 46, 83407, 4211
1703, 56, 83445, 4226
1704, 43, 83479, 4807
1705, 21, 83508, 4482
1706, 53, 83544, 269
1707, 13, 83582, 6477
1708, 49, 83613, 5834
1709, 34, 83654, 1092
1710, 11, 83689, 4474
1711, 12, 83719, 3985
1712, 9, 83749, 5600
1713, 32, 83777, 5866
1714, 44, 83804, 3602
1715, 24, 83837, 5173
1716, 11, 83867, 4788
1717, 55, 83899, 2999
1718, 8, 83927, 5906
1719, 35, 83962, 5737
1720, 6, 83998, 3489
1721, 27, 84036, 4050
1722, 31, 84070, 4856
1723, 37, 84110, 1603
1724, 18, 84148, 5999
1725, 28, 84178, 2781
1726, 14, 84212, 715
1727, 44, 84240, 6311
1728, 40, 84271, 2590
1729, 37, 84304, 6639
1730, 28, 84344, 1959
1731, 44, 84379, 6023
1732, 22, 84410, 2933
1733, 4, 84450, 6861
1734, 29, 84485, 3705
1735, 12, 84517, 2746
1736, 29, 84557, 1184
1737, 39, 84587, 5648
1738, 57, 84628, 5812
1739, 38, 84663, 5037
1740, 28, 84701, 5941
1741, 46, 84742, 4982
1742, 41, 84771, 3803
1743, 10, 84798, 121
1744, 27, 84832, 306
1745, 17, 84865, 1608
1746, 11, 84895, 5186
1747, 52, 84926, 6330
1748, 28, 84962, 5820
1749, 6, 85003, 2178
1750, 32, 85043, 2543
1751, 9, 85070, 3825
1752, 29, 85110, 4307
1753, 32, 85151, 4580
1754, 45, 85181, 2697
1755, 38, 85210, 3130
1756, 46, 85239, 2569
1757, 29, 85266, 6588
1758, 52, 85302, 3120
1759, 52, 85335, 810
1760, 40, 85376, 6307
1761, 28, 85406, 6667
1762, 21, 85440, 2654
1763, 43, 85474, 4781
1764, 32, 85507, 3644
1765, 51, 85535, 1032
1766, 40, 85573, 1794
1767, 23, 85607, 6345
1768, 24, 85638, 6922
1769, 54, 85672, 1181
1770, 12, 85713, 875
1771, 39, 85747, 5350
1772, 60, 85776, 6697
1773, 24, 85810, 5119
1774, 51, 85847, 304
1775, 58, 85884, 1481
1776, 49, 85922, 2617
1777, 5, 85955, 7001
1778, 39, 85990, 1479
1779, 56, 86029, 5489
1780, 3, 86056, 1692
1781, 15, 86093, 4791
1782, 44, 86127, 5640
1783, 16, 86168, 825
1784, 43, 86208, 2089
1785, 26, 86245, 1617
1786, 21, 86273, 6151
1787, 27, 86303, 3197
1788, 46, 86330, 1450
1789, 16, 86361, 1568
1790, 18, 86399, 1124
