1, 6, 154, 2133
2, 13, 306, 1856
3, 23, 437, 4936
4, 43, 555, 686
5, 29, 720, 4503
6, 31, 866, 4446
7, 45, 1026, 5364
8, 10, 1170, 985
9, 39, 1298, 4867
10, 59, 1442, 4116
11, 23, 1588, 4092
12, 25, 1748, 3909
13, 10, 1919, 868
14, 5, 2091, 211
15, 40, 2251, 1313
16, 25, 2371, 147
17, 41, 2521, 4569
18, 28, 2671, 2817
19, 48, 2842, 1830
20, 13, 2979, 3289
21, 35, 3144, 1253
22, 43, 3286, 6814
23, 17, 3433, 5297
24, 11, 3591, 2964
25, 40, 3731, 1680
26, 12, 4355, 3996
27, 44, 5164, 2559
28, 17, 6017, 3582
29, 10, 6862, 1696
30, 52, 7538, 5538
31, 31, 8192, 1698
32, 50, 8813, 6079
33, 46, 9467, 1419
34, 9, 10081, 2787
35, 41, 10819, 2013
36, 20, 11403, 1035
37, 3, 12251, 2042
38, 17, 12932, 3852
39, 29, 13634, 835
40, 36, 14392, 785
41, 50, 15047, 329
42, 56, 15859, 4176
43, 38, 16646, 202
44, 44, 17470, 1444
45, 43, 18258, 3618
46, 41, 18876, 1374
47, 22, 19506, 871
48, 51, 20128, 1414
49, 57, 20828, 1493
50, 56, 21448, 7198
51, 41, 22224, 3543
52, 19, 22536, 2707
53, 17, 22839, 1239
54, 41, 23179, 6606
55, 59, 23475, 1210
56, 18, 23785, 5563
57, 7, 24212, 2352
58, 8, 24571, 185
59, 10, 24922, 757
60, 36, 25236, 1503
61, 56, 25353, 5876
62, 37, 25507, 5488
63, 29, 25650, 2422
64, 49, 25772, 693
65, 41, 25928, 50
66, 14, 26070, 452
67, 19, 26230, 3740
68, 56, 26346, 2089
69, 43, 26479, 6730
70, 43, 26647, 6670
71, 37, 26795, 4264
72, 53, 26965, 5938
73, 12, 27110, 2460
74, 15, 27248, 3069
75, 53, 27397, 5253
76, 52, 27519, 462
77, 31, 27638, 2323
78, 29, 27802, 6436
79, 60, 27921, 6885
80, 58, 28084, 2281
81, 7, 28210, 6357
82, 39, 28326, 6487
83, 32, 28442, 6714
84, 45, 28600, 4743
85, 13, 28742, 3469
86, 18, 28900, 3828
87, 19, 28972, 3471
88, 16, 29031, 5069
89, 8, 29108, 1027
90, 11, 29174, 5851
91, 53, 29235, 2499
92, 3, 29306, 1015
93, 34, 29380, 3788
94, 24, 29466, 6895
95, 47, 29551, 3091
96, 16, 29611, 651
97, 31, 29668, 1369
98, 60, 29754, 2877
99, 8, 29829, 5634
100, 9, 29887, 608
101, 17, 29944, 4862
102, 11, 30014, 2529
103, 40, 30092, 5613
104, 10, 30173, 2623
105, 54, 30232, 2640
106, 29, 30313, 3660
107, 17, 30383, 4072
108, 44, 30456, 7019
109, 38, 30535, 6816
110, 20, 30619, 1650
111, 49, 30695, 224
112, 22, 30771, 533
113, 13, 30857, 4967
114, 47, 30932, 568
115, 12, 31010, 1529
116, 11, 31095, 3167
117, 38, 31160, 7024
118, 20, 31234, 2237
119, 11, 31299, 4846
120, 7, 31370, 2332
121, 27, 31431, 6403
122, 26, 31505, 5044
123, 40, 31582, 378
124, 28, 31650, 6040
125, 21, 31733, 2718
126, 23, 31797, 6875
127, 37, 31863, 57
128, 35, 31920, 189
129, 21, 32000, 3392
130, 57, 32064, 5046
131, 20, 32140, 3241
132, 42, 32219, 1769
133, 34, 32297, 4559
134, 6, 32382, 3050
135, 54, 32443, 480
136, 35, 32484, 3909
137, 5, 32527, 1454
138, 52, 32573, 2249
139, 17, 32630, 4402
140, 60, 32681, 3031
141, 14, 32734, 3479
142, 12, 32779, 403
143, 26, 32835, 3325
144, 7, 32887, 147
145, 47, 32941, 1998
146, 14, 32996, 1766
147, 20, 33046, 2715
148, 59, 33099, 6546
149, 46, 33145, 4979
150, 35, 33183, 1463
151, 28, 33238, 1000
152, 51, 33293, 3644
153, 46, 33338, 2224
154, 15, 33379, 2840
155, 29, 33425, 1747
156, 46, 33476, 4829
157, 21, 33531, 2981
158, 14, 33574, 3453
159, 28, 33617, 5795
160, 52, 33668, 3312
161, 39, 33723, 6860
162, 27, 33775, 4924
163, 7, 33828, 4961
164, 53, 33880, 233
165, 48, 33918, 2714
166, 43, 33966, 1238
167, 47, 34017, 5515
168, 47, 34067, 6054
169, 47, 34122, 5852
170, 28, 34173, 5885
171, 35, 34220, 16
172, 10, 34273, 718
173, 34, 34321, 539
174, 9, 34376, 456
175, 59, 34415, 1925
176, 5, 34466, 1832
177, 6, 34514, 1976
178, 28, 34554, 737
179, 51, 34595, 4043
180, 53, 34636, 5532
181, 51, 34688, 56
182, 16, 34733, 1354
183, 49, 34773, 6333
184, 27, 34813, 1981
185, 30, 34863, 1776
186, 59, 34904, 1770
187, 4, 34958, 3790
188, 21, 35015, 5771
189, 19, 35072, 6781
190, 17, 35113, 13
191, 49, 35153, 3200
192, 60, 35199, 3917
193, 4, 35252, 1236
194, 8, 35297, 6064
195, 9, 35342, 7182
196, 20, 35393, 123
197, 30, 35446, 4107
198, 49, 35499, 470
199, 35, 35544, 5928
200, 16, 35594, 6282
201, 51, 35632, 2502
202, 21, 35687, 7162
203, 3, 35725, 7003
204, 21, 35774, 3673
205, 35, 35828, 395
206, 32, 35870, 80
207, 45, 35911, 2079
208, 47, 35956, 5842
209, 47, 35995, 332
210, 35, 36045, 1611
211, 38, 36087, 5022
212, 17, 36121, 4630
213, 9, 36151, 666
214, 24, 36194, 1772
215, 40, 36236, 1729
216, 55, 36269, 3110
217, 43, 36297, 2596
218, 4, 36329, 5537
219, 4, 36371, 5712
220, 25, 36402, 4980
221, 49, 36438, 6655
222, 11, 36477, 3095
223, 45, 36508, 3538
224, 31, 36543, 3944
225, 19, 36583, 7030
226, 40, 36623, 4325
227, 14, 36654, 3035
228, 10, 36685, 5008
229, 20, 36717, 6929
230, 8, 36752, 1225
231, 31, 36782, 535
232, 35, 36816, 516
233, 38, 36857, 6795
234, 13, 36891, 3691
235, 24, 36923, 2269
236, 58, 36951, 2814
237, 31, 36987, 4734
238, 20, 37015, 3445
239, 23, 37055, 6441
240, 9, 37093, 1560
241, 17, 37122, 5486
242, 39, 37164, 5126
243, 55, 37201, 6539
244, 23, 37236, 5823
245, 22, 37279, 3934
246, 4, 37318, 327
247, 26, 37358, 2222
248, 15, 37386, 3898
249, 25, 37417, 5721
250, 8, 37460, 7068
251, 33, 37500, 4222
252, 36, 37543, 3500
253, 53, 37583, 274
254, 42, 37623, 6298
255, 35, 37663, 6628
256, 19, 37696, 1088
257, 49, 37738, 145
258, 58, 37776, 5566
259, 52, 37811, 2461
260, 37, 37845, 4655
261, 9, 37883, 1844
262, 26, 37914, 4397
263, 34, 37954, 6673
264, 27, 37984, 3742
265, 55, 38024, 972
266, 47, 38056, 2224
267, 39, 38098, 4222
268, 24, 38137, 3295
269, 3, 38167, 4029
270, 15, 38205, 697
271, 18, 38248, 1001
272, 23, 38290, 11
273, 55, 38320, 3614
274, 6, 38349, 3979
275, 38, 38381, 1508
276, 50, 38423, 2353
277, 29, 38462, 5971
278, 55, 38500, 3696
279, 45, 38539, 4799
280, 13, 38581, 6447
281, 56, 38621, 671
282, 45, 38659, 997
283, 51, 38700, 451
284, 26, 38739, 3361
285, 38, 38769, 6498
286, 35, 38809, 1639
287, 5, 38842, 2042
288, 45, 38881, 1925
289, 49, 38920, 5927
290, 53, 38953, 124
291, 23, 38990, 5749
292, 24, 39018, 3208
293, 31, 39052, 2678
294, 19, 39081, 2444
295, 30, 39115, 3205
296, 39, 39150, 6477
297, 7, 39189, 5999
298, 58, 39219, 3249
299, 52, 39250, 4402
300, 23, 39288, 3020
301, 15, 39330, 5108
302, 10, 39368, 4102
303, 27, 39398, 933
304, 41, 39433, 1879
305, 32, 39465, 2726
306, 52, 39507, 1020
307, 33, 39535, 3185
308, 24, 39566, 13
309, 33, 39602, 2111
310, 42, 39641, 1542
311, 28, 39671, 4107
312, 18, 39714, 5421
313, 17, 39757, 6248
314, 43, 39793, 7079
315, 26, 39834, 189
316, 54, 39863, 1251
317, 54, 39893, 2301
318, 50, 39930, 6799
319, 48, 39964, 3210
320, 8, 40004, 764
321, 26, 40039, 1449
322, 48, 40076, 5814
323, 37, 40111, 4108
324, 9, 40152, 7035
325, 29, 40188, 4893
326, 60, 40217, 1456
327, 20, 40252, 3602
328, 38, 40292, 98
329, 44, 40331, 101
330, 31, 40373, 3899
331, 9, 40416, 730
332, 46, 40456, 1441
333, 35, 40498, 6331
334, 39, 40528, 3758
335, 4, 40565, 4476
336, 22, 40603, 5283
337, 36, 40633, 4936
338, 18, 40661, 6167
339, 40, 40704, 6798
340, 7, 40745, 1888
341, 55, 40775, 5094
342, 56, 40809, 6236
343, 27, 40841, 2975
344, 42, 40880, 2566
345, 24, 40916, 5839
346, 47, 40954, 2246
347, 49, 40982, 3316
348, 55, 41010, 6954
349, 56, 41039, 1368
350, 11, 41076, 545
351, 54, 41109, 258
352, 15, 41138, 5293
353, 7, 41176, 7157
354, 52, 41218, 2444
355, 11, 41258, 4915
356, 9, 41286, 2240
357, 58, 41325, 7079
358, 30, 41362, 5139
359, 8, 41390, 6152
360, 53, 41423, 7098
361, 13, 41461, 4512
362, 50, 41497, 2766
363, 43, 41539, 1367
364, 60, 41568, 1917
365, 58, 41606, 3023
366, 22, 41637, 3574
367, 17, 41672, 4206
368, 53, 41707, 3781
369, 16, 41740, 997
370, 28, 41772, 7041
371, 28, 41800, 4583
372, 18, 41833, 2348
373, 60, 41875, 1034
374, 18, 41907, 1563
375, 14, 41942, 1335
376, 48, 41970, 6976
377, 19, 42011, 6262
378, 16, 42050, 1319
379, 26, 42092, 399
380, 26, 42129, 2513
381, 9, 42168, 3642
382, 60, 42210, 6713
383, 16, 42250, 4571
384, 38, 42285, 6587
385, 13, 42327, 5216
386, 52, 42358, 3898
387, 6, 42386, 7169
388, 10, 42429, 4624
389, 44, 42471, 6084
390, 30, 42500, 4700
391, 42, 42528, 581
392, 11, 42562, 6382
393, 56, 42591, 7050
394, 59, 42621, 2891
395, 37, 42664, 3639
396, 56, 42694, 6531
397, 45, 42723, 1242
398, 25, 42753, 1068
399, 37, 42796, 4598
400, 30, 42835, 2675
401, 37, 42867, 994
402, 24, 42906, 4128
403, 19, 42949, 3125
404, 58, 42977, 3113
405, 57, 43016, 2770
406, 30, 43052, 1539
407, 45, 43081, 1956
408, 45, 43109, 5119
409, 52, 43151, 1216
410, 49, 43189, 5293
411, 35, 43230, 2648
412, 5, 43279, 6006
413, 19, 43327, 5498
414, 16, 43377, 1277
415, 11, 43419, 1011
416, 12, 43468, 6021
417, 17, 43522, 1502
418, 15, 43569, 3774
419, 18, 43609, 6567
420, 33, 43662, 6664
421, 29, 43717, 7161
422, 11, 43758, 1252
423, 27, 43802, 1832
424, 5, 43849, 876
425, 52, 43890, 3911
426, 13, 43939, 300
427, 15, 43987, 3116
428, 36, 44039, 5380
429, 23, 44089, 2654
430, 58, 44137, 7033
431, 14, 44194, 5700
432, 21, 44233, 1639
433, 52, 44289, 1546
434, 28, 44343, 698
435, 19, 44394, 690
436, 43, 44440, 3223
437, 34, 44489, 6186
438, 42, 44535, 4223
439, 18, 44577, 4548
440, 31, 44625, 4464
441, 25, 44682, 6508
442, 44, 44725, 389
443, 3, 44775, 1982
444, 33, 44832, 938
445, 11, 44877, 2600
446, 7, 44922, 1101
447, 41, 44964, 4086
448, 48, 45021, 2407
449, 4, 45068, 333
450, 5, 45110, 6159
451, 14, 45164, 865
452, 47, 45202, 5191
453, 36, 45252, 2773
454, 29, 45304, 4823
455, 56, 45345, 3684
456, 48, 45401, 3988
457, 34, 45452, 7054
458, 10, 45504, 4927
459, 29, 45559, 4175
460, 59, 45613, 6690
461, 53, 45667, 3391
462, 8, 45710, 4007
463, 13, 45765, 4035
464, 6, 45816, 224
465, 28, 45855, 5564
466, 4, 45908, 4520
467, 45, 45952, 4990
468, 12, 46008, 5215
469, 4, 46062, 2971
470, 32, 46104, 2030
471, 9, 46145, 5051
472, 59, 46190, 1177
473, 51, 46236, 5915
474, 36, 46276, 2436
475, 29, 46325, 6941
476, 35, 46373, 7183
477, 26, 46416, 3094
478, 20, 46471, 7071
479, 56, 46525, 3714
480, 25, 46582, 1846
481, 52, 46632, 3383
482, 21, 46679, 1643
483, 41, 46719, 3720
484, 24, 46757, 4431
485, 31, 46813, 5844
486, 23, 46887, 4995
487, 36, 46963, 4189
488, 37, 47024, 4141
489, 21, 47088, 5182
490, 12, 47157, 507
491, 6, 47240, 949
492, 14, 47302, 1603
493, 26, 47385, 1033
494, 10, 47469, 5943
495, 4, 47551, 7200
496, 35, 47613, 4425
497, 44, 47697, 5775
498, 48, 47770, 1563
499, 6, 47852, 5840
500, 5, 47915, 4865
501, 3, 47990, 3148
502, 17, 48058, 2828
503, 15, 48128, 4730
504, 19, 48209, 5832
505, 57, 48276, 1959
506, 17, 48342, 6347
507, 34, 48400, 5146
508, 25, 48486, 6054
509, 40, 48550, 5632
510, 18, 48623, 1192
511, 4, 48680, 1906
512, 7, 48744, 277
513, 50, 48813, 422
514, 31, 48874, 1926
515, 29, 48934, 3972
516, 25, 49010, 4352
517, 25, 49082, 4068
518, 29, 49156, 4156
519, 52, 49232, 2932
520, 60, 49296, 247
521, 60, 49353, 641
522, 26, 49433, 3040
523, 36, 49517, 2282
524, 28, 49587, 5067
525, 6, 49654, 1486
526, 29, 49717, 4988
527, 34, 49790, 3192
528, 35, 49871, 3994
529, 7, 49929, 2924
530, 38, 49987, 1498
531, 21, 50061, 709
532, 34, 50123, 6928
533, 10, 50203, 1940
534, 16, 50266, 5969
535, 31, 50341, 6529
536, 50, 50425, 5650
537, 26, 50507, 6012
538, 26, 50584, 1496
539, 34, 50652, 2191
540, 14, 50732, 4475
541, 5, 50796, 777
542, 5, 50871, 4691
543, 44, 50928, 4256
544, 53, 50994, 2034
545, 19, 51074, 6616
546, 8, 51160, 5989
547, 55, 51245, 6812
548, 24, 51319, 5836
549, 22, 51381, 5413
550, 51, 51456, 5785
551, 59, 51539, 4020
552, 23, 51618, 1553
553, 30, 51703, 5650
554, 60, 51761, 5081
555, 42, 51829, 4580
556, 36, 51897, 6057
557, 55, 51978, 932
558, 22, 52055, 6365
559, 5, 52133, 341
560, 5, 52212, 106
561, 59, 52287, 6845
562, 13, 52350, 3935
563, 34, 52429, 581
564, 15, 52505, 4631
565, 12, 52567, 3080
566, 39, 52643, 1942
567, 18, 52700, 3884
568, 14, 52769, 6129
569, 23, 52837, 3841
570, 54, 52921, 6919
571, 51, 52988, 5076
572, 29, 53046, 5864
573, 9, 53113, 3257
574, 53, 53185, 6303
575, 45, 53267, 4813
576, 18, 53351, 5995
577, 19, 53431, 1196
578, 56, 53510, 5140
579, 35, 53595, 1621
580, 17, 53652, 2911
581, 55, 53720, 1025
582, 17, 53785, 4994
583, 54, 53850, 4351
584, 21, 53924, 4451
585, 11, 54005, 2504
586, 59, 54046, 4982
587, 56, 54093, 2639
588, 47, 54133, 3327
589, 38, 54171, 2440
590, 54, 54223, 4094
591, 32, 54264, 4398
592, 53, 54320, 2713
593, 3, 54376, 3714
594, 49, 54431, 1636
595, 29, 54473, 865
596, 55, 54521, 2552
597, 47, 54565, 6053
598, 3, 54618, 3256
599, 19, 54656, 1503
600, 48, 54700, 4090
601, 16, 54743, 3977
602, 57, 54782, 6141
603, 7, 54830, 508
604, 57, 54874, 6641
605, 42, 54913, 2847
606, 41, 54967, 5209
607, 9, 55015, 2969
608, 11, 55066, 1525
609, 22, 55121, 2385
610, 6, 55169, 4355
611, 49, 55217, 1103
612, 38, 55260, 4746
613, 10, 55311, 4474
614, 7, 55355, 6330
615, 38, 55396, 5453
616, 35, 55437, 171
617, 9, 55490, 2747
618, 17, 55540, 4421
619, 29, 55591, 6307
620, 58, 55648, 1516
621, 7, 55700, 4735
622, 32, 55743, 3867
623, 29, 55793, 1694
624, 10, 55840, 4432
625, 48, 55886, 6948
626, 24, 55928, 4363
627, 17, 55982, 1593
628, 3, 56026, 2580
629, 58, 56075, 1008
630, 36, 56118, 4180
631, 34, 56159, 4510
632, 13, 56207, 2759
633, 32, 56260, 946
634, 40, 56304, 2394
635, 18, 56360, 2921
636, 18, 56406, 2576
637, 21, 56447, 638
638, 25, 56504, 1069
639, 36, 56550, 5055
640, 51, 56598, 6838
641, 14, 56654, 6852
642, 42, 56705, 4172
643, 22, 56747, 5271
644, 33, 56786, 6824
645, 54, 56838, 1799
646, 12, 56877, 5882
647, 41, 56921, 4055
648, 47, 56962, 929
649, 45, 57018, 4833
650, 24, 57068, 2798
651, 34, 57117, 475
652, 5, 57170, 4531
653, 19, 57217, 765
654, 28, 57259, 3884
655, 47, 57297, 3297
656, 51, 57352, 2357
657, 14, 57394, 5599
658, 52, 57442, 6260
659, 51, 57480, 3388
660, 52, 57525, 1393
661, 41, 57581, 5498
662, 21, 57637, 3025
663, 59, 57690, 6598
664, 52, 57736, 5510
665, 31, 57782, 5570
666, 31, 57832, 3510
667, 5, 57882, 2684
668, 33, 57925, 5539
669, 33, 57964, 2361
670, 22, 58005, 771
671, 15, 58051, 3745
672, 20, 58108, 4801
673, 52, 58151, 62
674, 38, 58207, 7197
675, 43, 58261, 661
676, 11, 58315, 6353
677, 50, 58364, 1680
678, 35, 58404, 4825
679, 7, 58443, 2642
680, 39, 58498, 1568
681, 44, 58540, 4868
682, 24, 58585, 1380
683, 46, 58624, 2073
684, 16, 58663, 3254
685, 44, 58702, 5666
686, 54, 58759, 4727
687, 33, 58809, 6252
688, 30, 58865, 6373
689, 36, 58916, 1065
690, 27, 58963, 6543
691, 43, 59015, 3704
692, 29, 59055, 275
693, 15, 59106, 1917
694, 60, 59147, 2098
695, 22, 59194, 1661
696, 54, 59233, 6102
697, 44, 59289, 1502
698, 58, 59331, 3689
699, 58, 59385, 3466
700, 6, 59432, 718
701, 12, 59480, 6419
702, 50, 59530, 7000
703, 50, 59580, 6355
704, 14, 59634, 2385
705, 23, 59682, 1587
706, 35, 59728, 1590
707, 24, 59770, 3833
708, 21, 59820, 1310
709, 58, 59864, 887
710, 49, 59913, 5210
711, 21, 59961, 7092
712, 20, 60015, 1743
713, 54, 60071, 1095
714, 3, 60126, 7174
715, 37, 60182, 1442
716, 45, 60233, 3442
717, 20, 60278, 4470
718, 15, 60322, 6422
719, 9, 60364, 2202
720, 18, 60406, 85
721, 6, 60452, 3961
722, 39, 60490, 6934
723, 54, 60535, 2005
724, 13, 60575, 6978
725, 48, 60615, 3579
726, 38, 60671, 2616
727, 3, 60728, 3814
728, 19, 60768, 1988
729, 26, 60808, 5764
730, 8, 60853, 5667
731, 55, 60905, 3446
732, 24, 60959, 1208
733, 42, 61001, 7063
734, 43, 61045, 2406
735, 13, 61096, 5471
736, 23, 61141, 6712
737, 48, 61182, 823
738, 11, 61226, 6882
739, 20, 61275, 1650
740, 24, 61323, 646
741, 38, 61367, 2077
742, 21, 61413, 6979
743, 29, 61460, 3871
744, 43, 61515, 6779
745, 32, 61564, 684
746, 46, 61618, 206
747, 13, 61657, 7200
748, 27, 61712, 2218
749, 60, 61759, 4610
750, 12, 61804, 6880
751, 24, 61852, 4470
752, 46, 61894, 3321
753, 23, 61951, 5516
754, 20, 61999, 3450
755, 48, 62044, 3245
756, 14, 62097, 1097
757, 20, 62135, 2010
758, 19, 62182, 3070
759, 19, 62231, 3418
760, 5, 62279, 783
761, 59, 62333, 3323
762, 15, 62389, 2160
763, 8, 62431, 4766
764, 44, 62482, 6038
765, 15, 62529, 2863
766, 45, 62567, 822
767, 60, 62613, 2669
768, 40, 62664, 6735
769, 23, 62712, 1894
770, 20, 62769, 425
771, 27, 62816, 5620
772, 52, 62859, 2803
773, 50, 62904, 3010
774, 17, 62952, 5636
775, 30, 62996, 295
776, 19, 63037, 1180
777, 25, 63093, 1434
778, 16, 63145, 2569
779, 37, 63198, 5196
780, 59, 63252, 4826
781, 58, 63296, 5169
782, 27, 63348, 3684
783, 21, 63398, 4000
784, 25, 63455, 3418
785, 41, 63496, 6653
786, 49, 63547, 5671
787, 3, 63592, 5059
788, 37, 63631, 687
789, 50, 63671, 6150
790, 35, 63710, 7134
791, 41, 63750, 6903
792, 27, 63807, 556
793, 18, 63854, 51
794, 51, 63908, 2073
795, 48, 63948, 4603
796, 53, 64005, 515
797, 55, 64055, 3354
798, 10, 64109, 595
799, 18, 64159, 6341
800, 55, 64201, 3880
801, 5, 64252, 2115
802, 34, 64295, 343
803, 14, 64336, 1016
804, 9, 64379, 7174
805, 21, 64433, 4789
806, 33, 64473, 3061
807, 42, 64521, 4981
808, 51, 64570, 5956
809, 21, 64623, 811
810, 19, 64661, 1625
811, 59, 64718, 7038
812, 41, 64771, 1643
813, 53, 64818, 6949
814, 6, 64864, 3740
815, 31, 64909, 1387
816, 41, 64965, 4640
817, 53, 65004, 2183
818, 5, 65057, 7196
819, 18, 65108, 6339
820, 36, 65147, 6867
821, 36, 65198, 6940
822, 43, 65237, 967
823, 12, 65283, 6257
824, 45, 65327, 3171
825, 60, 65369, 6562
826, 35, 65422, 2132
827, 50, 65479, 318
828, 48, 65531, 4487
829, 45, 65579, 4581
830, 6, 65636, 343
831, 57, 65686, 2684
832, 59, 65738, 5763
833, 37, 65788, 5550
834, 24, 65827, 2344
835, 41, 65865, 1216
836, 6, 65921, 265
837, 41, 65968, 4735
838, 41, 66015, 179
839, 50, 66056, 926
840, 11, 66094, 4253
841, 45, 66145, 404
842, 42, 66185, 6415
843, 3, 66233, 1752
844, 55, 66274, 6466
845, 18, 66328, 3400
846, 11, 66380, 1047
847, 39, 66435, 3914
848, 42, 66480, 3901
849, 26, 66526, 561
850, 38, 66576, 6492
851, 29, 66615, 5599
852, 20, 66658, 3318
853, 22, 66696, 6551
854, 46, 66738, 1395
855, 36, 66785, 1830
856, 11, 66837, 6646
857, 28, 66879, 4319
858, 29, 66933, 964
859, 32, 66990, 1813
860, 3, 67033, 2429
861, 19, 67075, 3053
862, 56, 67126, 77
863, 10, 67166, 2275
864, 19, 67223, 5406
865, 16, 67270, 1486
866, 10, 67317, 4349
867, 6, 67362, 5907
868, 57, 67414, 7170
869, 24, 67455, 1535
870, 54, 67509, 1831
871, 23, 67547, 5174
872, 17, 67593, 6846
873, 19, 67645, 5935
874, 55, 67700, 1735
875, 60, 67751, 864
876, 21, 67792, 271
877, 24, 67836, 6180
878, 20, 67879, 2050
879, 56, 67928, 3308
880, 47, 67978, 1492
881, 12, 68017, 4879
882, 54, 68067, 2305
883, 44, 68106, 4320
884, 44, 68144, 1114
885, 57, 68185, 3747
886, 13, 68237, 3718
887, 11, 68284, 6806
888, 6, 68335, 1745
889, 22, 68377, 1484
890, 8, 68422, 1865
891, 35, 68486, 4282
892, 14, 68558, 41
893, 26, 68618, 793
894, 42, 68678, 4781
895, 53, 68750, 3733
896, 20, 68820, 5602
897, 58, 68906, 81
898, 40, 68986, 6462
899, 53, 69046, 248
900, 51, 69118, 5026
901, 51, 69179, 5687
902, 36, 69258, 4850
903, 60, 69335, 3653
904, 38, 69396, 2345
905, 5, 69454, 1251
906, 49, 69532, 816
907, 32, 69609, 3032
908, 29, 69668, 3597
909, 23, 69726, 3457
910, 38, 69791, 4869
911, 40, 69868, 2656
912, 28, 69948, 4194
913, 21, 70008, 805
914, 34, 70089, 2276
915, 21, 70175, 1666
916, 53, 70244, 1320
917, 40, 70309, 5970
918, 6, 70366, 564
919, 27, 70439, 956
920, 55, 70497, 1127
921, 15, 70564, 210
922, 9, 70628, 4667
923, 4, 70702, 4709
924, 60, 70765, 6682
925, 49, 70824, 1521
926, 12, 70898, 1736
927, 60, 70957, 4532
928, 50, 71041, 1534
929, 40, 71123, 3683
930, 18, 71203, 5339
931, 30, 71263, 5935
932, 5, 71342, 4764
933, 47, 71424, 6682
934, 7, 71486, 6859
935, 59, 71564, 5395
936, 18, 71646, 1441
937, 51, 71703, 4927
938, 50, 71771, 4117
939, 16, 71834, 6748
940, 50, 71894, 6684
941, 38, 71980, 6145
942, 33, 72064, 5613
943, 7, 72121, 1187
944, 17, 72191, 3847
945, 37, 72266, 7033
946, 55, 72336, 6615
947, 3, 72409, 2569
948, 31, 72494, 7013
949, 18, 72561, 5060
950, 7, 72626, 527
951, 50, 72702, 3934
952, 22, 72775, 6698
953, 25, 72832, 1800
954, 41, 72906, 1282
955, 15, 72991, 6996
956, 39, 73068, 5744
957, 26, 73134, 551
958, 12, 73203, 2990
959, 30, 73283, 4652
960, 29, 73352, 3509
961, 4, 73416, 3244
962, 53, 73501, 328
963, 4, 73560, 2524
964, 39, 73642, 4149
965, 40, 73717, 4588
966, 33, 73795, 5418
967, 13, 73872, 5791
968, 29, 73931, 1946
969, 37, 73989, 4185
970, 5, 74058, 2973
971, 22, 74120, 2054
972, 59, 74189, 5205
973, 18, 74260, 1876
974, 5, 74337, 1448
975, 22, 74407, 466
976, 5, 74471, 4223
977, 59, 74540, 1851
978, 13, 74613, 375
979, 37, 74675, 5090
980, 56, 74752, 6062
981, 27, 74816, 2036
982, 51, 74898, 639
983, 57, 74976, 595
984, 3, 75055, 4063
985, 59, 75114, 3115
986, 42, 75178, 5121
987, 57, 75246, 414
988, 52, 75315, 2052
989, 34, 75390, 6782
990, 34, 75467, 4463
991, 33, 75524, 445
992, 30, 75589, 4741
993, 19, 75658, 5806
994, 37, 75696, 2614
995, 54, 75724, 6755
996, 51, 75758, 1288
997, 46, 75795, 5473
998, 35, 75833, 3317
999, 40, 75863, 2548
1000, 52, 75891, 6755
1001, 26, 75934, 4600
1002, 53, 75972, 1667
1003, 55, 76005, 1045
1004, 35, 76045, 160
1005, 42, 76087, 5846
1006, 48, 76121, 2675
1007, 9, 76154, 896
1008, 49, 76182, 1072
1009, 3, 76221, 4089
1010, 32, 76256, 5945
1011, 26, 76287, 4524
1012, 18, 76324, 4162
1013, 4, 76356, 5008
1014, 26, 76395, 4043
1015, 47, 76436, 1554
1016, 53, 76479, 4944
1017, 42, 76510, 3793
1018, 20, 76541, 4968
1019, 20, 76580, 720
1020, 51, 76611, 4331
1021, 58, 76645, 3810
1022, 31, 76684, 2436
1023, 49, 76726, 747
1024, 50, 76760, 249
1025, 16, 76800, 792
1026, 43, 76837, 6081
1027, 54, 76873, 3281
1028, 33, 76909, 3500
1029, 53, 76940, 3282
1030, 8, 76977, 3304
1031, 53, 77007, 5030
1032, 11, 77046, 2481
1033, 39, 77089, 5133
1034, 6, 77122, 2095
1035, 16, 77158, 6438
1036, 59, 77198, 251
1037, 15, 77228, 127
1038, 11, 77262, 3381
1039, 52, 77305, 6616
1040, 30, 77337, 2153
1041, 6, 77365, 5398
1042, 29, 77403, 6947
1043, 56, 77440, 2926
1044, 57, 77476, 2778
1045, 47, 77516, 6341
1046, 60, 77551, 5347
1047, 22, 77585, 4096
1048, 40, 77623, 2094
1049, 37, 77658, 2140
1050, 9, 77698, 3796
1051, 20, 77733, 4116
1052, 53, 77764, 2745
1053, 24, 77798, 555
1054, 50, 77841, 5605
1055, 38, 77876, 6113
1056, 57, 77909, 2449
1057, 7, 77947, 5085
1058, 12, 77987, 1983
1059, 6, 78015, 4328
1060, 54, 78044, 3432
1061, 50, 78080, 366
1062, 32, 78120, 3586
1063, 33, 78152, 2925
1064, 29, 78191, 5379
1065, 42, 78223, 4134
1066, 24, 78255, 714
1067, 32, 78285, 6072
1068, 7, 78315, 4634
1069, 9, 78344, 3166
1070, 43, 78384, 7127
1071, 58, 78423, 5897
1072, 48, 78466, 5423
1073, 12, 78499, 3723
1074, 6, 78539, 1563
1075, 47, 78573, 3841
1076, 17, 78606, 4891
1077, 56, 78640, 6760
1078, 37, 78673, 5554
1079, 12, 78701, 2118
1080, 58, 78739, 3377
1081, 24, 78768, 4187
1082, 47, 78796, 6093
1083, 17, 78825, 4088
1084, 12, 78862, 509
1085, 54, 78898, 2661
1086, 22, 78939, 46
1087, 20, 78980, 1362
1088, 30, 79018, 5609
1089, 31, 79056, 4915
1090, 21, 79095, 6429
1091, 55, 79137, 6927
1092, 51, 79178, 410
1093, 4, 79206, 5162
1094, 56, 79239, 4679
1095, 40, 79273, 4216
1096, 25, 79304, 4790
1097, 27, 79342, 950
1098, 28, 79374, 4749
1099, 14, 79414, 3837
1100, 13, 79442, 4378
1101, 23, 79476, 5071
1102, 39, 79510, 75
1103, 36, 79541, 1678
1104, 47, 79580, 1352
1105, 37, 79608, 7134
1106, 4, 79639, 1755
1107, 10, 79670, 1053
1108, 58, 79703, 4715
1109, 39, 79738, 6594
1110, 30, 79771, 1307
1111, 9, 79804, 3804
1112, 12, 79839, 6867
1113, 29, 79873, 5725
1114, 17, 79910, 5235
1115, 42, 79944, 4372
1116, 6, 79974, 7153
1117, 13, 80015, 2517
1118, 9, 80053, 4366
1119, 36, 80096, 788
1120, 52, 80139, 489
1121, 20, 80174, 269
1122, 19, 80202, 2332
1123, 23, 80241, 7134
1124, 35, 80280, 3271
1125, 49, 80317, 6873
1126, 48, 80360, 1098
1127, 38, 80398, 3520
1128, 55, 80437, 5885
1129, 15, 80466, 3183
1130, 23, 80501, 4827
1131, 56, 80536, 1521
1132, 29, 80569, 1093
1133, 16, 80611, 5325
1134, 28, 80649, 7019
1135, 50, 80685, 2684
1136, 25, 80713, 5975
1137, 32, 80746, 3310
1138, 3, 80785, 6666
1139, 22, 80825, 1993
1140, 59, 80856, 5306
1141, 7, 80888, 1346
1142, 42, 80928, 3502
1143, 38, 80961, 914
1144, 53, 80996, 1077
1145, 32, 81039, 7145
1146, 59, 81069, 873
1147, 8, 81108, 2645
1148, 54, 81150, 2505
1149, 24, 81193, 6604
1150, 8, 81225, 3254
1151, 43, 81254, 841
1152, 5, 81294, 848
1153, 52, 81325, 380
1154, 6, 81360, 1402
1155, 47, 81396, 5247
1156, 36, 81433, 6332
1157, 29, 81461, 1737
1158, 43, 81500, 4553
1159, 40, 81532, 1142
1160, 26, 81570, 5598
1161, 4, 81602, 5976
1162, 21, 81631, 5406
1163, 5, 81660, 3980
1164, 24, 81693, 5095
1165, 38, 81735, 7
1166, 56, 81763, 6450
1167, 55, 81795, 5293
1168, 51, 81825, 4097
1169, 13, 81864, 4834
1170, 39, 81892, 5217
1171, 43, 81935, 885
1172, 4, 81976, 1360
1173, 26, 82007, 2662
1174, 26, 82035, 1308
1175, 52, 82063, 2315
1176, 47, 82092, 2820
1177, 24, 82122, 2846
1178, 11, 82155, 3709
1179, 49, 82183, 1699
1180, 10, 82222, 4347
1181, 6, 82259, 103
1182, 52, 82297, 4552
1183, 55, 82339, 3498
1184, 45, 82376, 1056
1185, 48, 82417, 1359
1186, 56, 82455, 6773
1187, 27, 82483, 7138
1188, 26, 82524, 1664
1189, 26, 82557, 5985
1190, 45, 82592, 630
1191, 14, 82624, 3021
1192, 47, 82667, 2207
1193, 53, 82704, 3946
1194, 8, 82742, 5362
1195, 53, 82775, 1638
1196, 13, 82808, 5917
1197, 25, 82853, 3128
1198, 8, 82907, 6985
1199, 18, 82946, 995
1200, 21, 83003, 940
1201, 35, 83045, 354
1202, 38, 83095, 1962
1203, 60, 83137, 7
1204, 47, 83194, 4348
1205, 13, 83240, 3466
1206, 58, 83283, 1184
1207, 37, 83321, 6403
1208, 44, 83373, 4631
1209, 51, 83416, 5347
1210, 9, 83471, 259
1211, 51, 83517, 7148
1212, 35, 83564, 4467
1213, 41, 83620, 5968
1214, 53, 83677, 5846
1215, 3, 83726, 4114
1216, 18, 83765, 4984
1217, 45, 83806, 5990
1218, 37, 83846, 5292
1219, 57, 83901, 1103
1220, 36, 83945, 4363
1221, 28, 83996, 2995
1222, 47, 84047, 2544
1223, 9, 84103, 5554
1224, 13, 84155, 6597
1225, 14, 84193, 5613
1226, 13, 84247, 5591
1227, 18, 84289, 2902
1228, 17, 84344, 723
1229, 27, 84400, 1317
1230, 57, 84450, 2399
1231, 33, 84496, 4378
1232, 49, 84548, 2652
1233, 20, 84596, 5990
1234, 21, 84636, 301
1235, 27, 84675, 292
1236, 29, 84713, 262
1237, 5, 84762, 5668
1238, 54, 84814, 2134
1239, 37, 84862, 1423
1240, 18, 84901, 2052
1241, 9, 84951, 2449
1242, 35, 85007, 5066
1243, 16, 85058, 4320
1244, 50, 85096, 2901
1245, 44, 85136, 5512
1246, 33, 85186, 1620
1247, 48, 85226, 1559
1248, 32, 85268, 3125
1249, 18, 85316, 813
1250, 43, 85354, 6994
1251, 8, 85401, 1350
1252, 32, 85445, 23
1253, 26, 85499, 5703
1254, 11, 85537, 2013
1255, 31, 85577, 5326
1256, 22, 85615, 3536
1257, 25, 85655, 6186
1258, 9, 85705, 3286
1259, 40, 85755, 4477
1260, 42, 85799, 1968
1261, 51, 85843, 6300
1262, 27, 85900, 1499
1263, 34, 85947, 5772
1264, 12, 85993, 7070
1265, 25, 86046, 1143
1266, 22, 86087, 5873
1267, 52, 86126, 2415
1268, 23, 86164, 3812
1269, 20, 86212, 4009
1270, 47, 86267, 1327
1271, 58, 86319, 1624
1272, 55, 86375, 5676
