1, 22, 69, 6807
2, 47, 162, 92
3, 43, 234, 5733
4, 31, 314, 2452
5, 42, 410, 1209
6, 32, 502, 3523
7, 57, 567, 5289
8, 31, 651, 1103
9, 22, 738, 2798
10, 20, 811, 68
11, 7, 876, 6634
12, 56, 952, 1321
13, 34, 1044, 2222
14, 59, 1129, 1333
15, 4, 1196, 3978
16, 29, 1264, 6228
17, 60, 1344, 1050
18, 46, 1417, 2675
19, 58, 1492, 6915
20, 54, 1580, 1995
21, 37, 1664, 6638
22, 20, 1749, 4546
23, 57, 1817, 4064
24, 32, 1900, 3620
25, 28, 1988, 2832
26, 19, 2052, 2525
27, 43, 2146, 27
28, 41, 2228, 3337
29, 9, 2299, 847
30, 16, 2390, 673
31, 8, 2483, 6790
32, 21, 2559, 3271
33, 31, 2647, 1712
34, 22, 2743, 3859
35, 38, 2832, 5200
36, 32, 2911, 2851
37, 44, 2983, 947
38, 23, 3070, 1467
39, 55, 3139, 5616
40, 11, 3205, 5561
41, 19, 3296, 288
42, 16, 3367, 7153
43, 3, 3435, 554
44, 36, 3506, 5823
45, 21, 3591, 5113
46, 50, 3672, 708
47, 50, 4124, 1431
48, 6, 4474, 5205
49, 33, 4809, 4354
50, 34, 5133, 1496
51, 42, 5539, 5313
52, 34, 5937, 2345
53, 8, 6262, 1723
54, 41, 6628, 397
55, 47, 6987, 2584
56, 32, 7381, 2537
57, 47, 7754, 6973
58, 51, 8157, 5404
59, 16, 8495, 4665
60, 7, 8918, 3884
61, 45, 9394, 773
62, 27, 9815, 4571
63, 23, 10158, 2917
64, 3, 10527, 1588
65, 32, 11005, 2129
66, 16, 11458, 5834
67, 31, 11901, 1810
68, 28, 12335, 556
69, 45, 12793, 1456
70, 25, 13161, 1449
71, 49, 13611, 6702
72, 49, 13992, 2171
73, 9, 14454, 731
74, 49, 14782, 3825
75, 7, 15173, 5384
76, 56, 15609, 4473
77, 17, 16019, 4864
78, 59, 16398, 4723
79, 44, 16800, 686
80, 60, 17205, 628
81, 35, 17546, 3704
82, 51, 18024, 6621
83, 4, 18421, 2427
84, 45, 18775, 1585
85, 54, 19230, 2580
86, 28, 19639, 3905
87, 8, 20096, 5303
88, 42, 20495, 403
89, 17, 20933, 2623
90, 32, 21355, 6017
91, 31, 21722, 2538
92, 31, 21947, 1742
93, 18, 22157, 702
94, 8, 22369, 262
95, 47, 22575, 6047
96, 35, 22787, 2484
97, 11, 22984, 3329
98, 29, 23158, 465
99, 28, 23340, 4913
100, 31, 23567, 2843
101, 37, 23754, 310
102, 54, 23957, 5461
103, 14, 24135, 4883
104, 16, 24333, 4847
105, 8, 24573, 5721
106, 6, 24752, 3906
107, 22, 24975, 6352
108, 38, 25210, 6024
109, 48, 25279, 1766
110, 37, 25373, 6903
111, 47, 25456, 6162
112, 43, 25529, 6985
113, 57, 25622, 5913
114, 53, 25712, 1635
115, 50, 25776, 4848
116, 33, 25844, 1316
117, 54, 25931, 3536
118, 49, 25999, 4126
119, 25, 26071, 3032
120, 8, 26146, 5337
121, 3, 26224, 1769
122, 49, 26315, 2867
123, 42, 26382, 5584
124, 50, 26474, 6100
125, 30, 26566, 7077
126, 47, 26641, 5613
127, 31, 26720, 1245
128, 45, 26811, 7161
129, 9, 26889, 6775
130, 54, 26980, 5094
131, 42, 27062, 685
132, 12, 27150, 6554
133, 42, 27238, 3012
134, 49, 27310, 1134
135, 44, 27403, 1440
136, 12, 27484, 2854
137, 59, 27559, 4507
138, 60, 27649, 4614
139, 41, 27738, 969
140, 58, 27805, 5814
141, 24, 27878, 988
142, 42, 27971, 3060
143, 53, 28039, 3504
144, 32, 28107, 3529
145, 10, 28192, 4726
146, 7, 28275, 5497
147, 18, 28368, 4868
148, 34, 28458, 1451
149, 16, 28529, 223
150, 43, 28613, 2154
151, 56, 28692, 4981
152, 55, 28768, 2589
153, 53, 28861, 6680
154, 54, 28903, 1567
155, 24, 28935, 483
156, 53, 28974, 4175
157, 55, 29020, 1720
158, 34, 29055, 3713
159, 25, 29101, 1391
160, 12, 29136, 5080
161, 14, 29174, 3315
162, 47, 29207, 1431
163, 15, 29243, 839
164, 54, 29276, 3233
165, 41, 29320, 3876
166, 34, 29363, 3097
167, 47, 29400, 592
168, 20, 29434, 2280
169, 24, 29474, 4148
170, 40, 29509, 512
171, 44, 29546, 4002
172, 16, 29579, 2543
173, 21, 29612, 6146
174, 56, 29645, 4927
175, 41, 29692, 5918
176, 52, 29740, 7181
177, 42, 29784, 4113
178, 39, 29816, 2407
179, 24, 29848, 3281
180, 51, 29883, 4821
181, 13, 29918, 4205
182, 32, 29954, 800
183, 59, 29997, 5686
184, 47, 30040, 5140
185, 28, 30081, 1386
186, 31, 30115, 1423
187, 42, 30148, 2391
188, 15, 30194, 1257
189, 20, 30232, 4509
190, 42, 30274, 4259
191, 26, 30320, 5025
192, 20, 30366, 2963
193, 17, 30402, 2506
194, 47, 30445, 619
195, 55, 30480, 3601
196, 46, 30524, 2860
197, 45, 30570, 1647
198, 30, 30608, 5617
199, 4, 30648, 6783
200, 46, 30696, 6338
201, 60, 30733, 2989
202, 36, 30777, 323
203, 27, 30818, 704
204, 36, 30863, 3166
205, 17, 30898, 2364
206, 29, 30944, 4496
207, 48, 30987, 6918
208, 4, 31023, 3421
209, 32, 31063, 3584
210, 31, 31106, 6646
211, 52, 31146, 6118
212, 3, 31184, 1756
213, 57, 31226, 2082
214, 19, 31258, 706
215, 7, 31302, 2031
216, 39, 31344, 6675
217, 31, 31386, 6204
218, 60, 31419, 3384
219, 21, 31463, 1158
220, 54, 31510, 1663
221, 14, 31551, 148
222, 35, 31591, 2221
223, 32, 31624, 3196
224, 49, 31656, 6327
225, 16, 31704, 5038
226, 4, 31739, 5138
227, 7, 31771, 6676
228, 49, 31816, 2694
229, 58, 31855, 5227
230, 58, 31893, 1607
231, 59, 31931, 1155
232, 19, 31966, 5790
233, 16, 32002, 5504
234, 21, 32038, 5002
235, 32, 32085, 3998
236, 35, 32124, 2722
237, 26, 32169, 531
238, 52, 32212, 1282
239, 59, 32247, 5016
240, 43, 32288, 5703
241, 56, 32326, 1246
242, 29, 32366, 3043
243, 20, 32410, 4452
244, 10, 32441, 998
245, 8, 32465, 1511
246, 26, 32490, 2459
247, 19, 32522, 1037
248, 4, 32546, 4834
249, 11, 32576, 6160
250, 53, 32598, 4710
251, 3, 32625, 1419
252, 52, 32653, 236
253, 23, 32677, 5927
254, 41, 32709, 8
255, 5, 32731, 3999
256, 30, 32761, 4316
257, 47, 32787, 4797
258, 55, 32815, 4278
259, 36, 32836, 900
260, 11, 32868, 1053
261, 13, 32896, 5428
262, 8, 32919, 5528
263, 22, 32944, 2924
264, 12, 32967, 4665
265, 15, 32992, 5722
266, 23, 33024, 2713
267, 28, 33053, 6231
268, 36, 33077, 7016
269, 57, 33107, 974
270, 26, 33132, 2028
271, 40, 33160, 6240
272, 5, 33183, 4481
273, 18, 33213, 1527
274, 9, 33241, 2971
275, 25, 33265, 1935
276, 26, 33295, 4525
277, 56, 33323, 2714
278, 57, 33348, 6394
279, 48, 33378, 913
280, 25, 33407, 323
281, 57, 33430, 563
282, 33, 33458, 2021
283, 4, 33482, 6213
284, 53, 33505, 3139
285, 54, 33533, 2924
286, 43, 33554, 1634
287, 35, 33581, 6863
288, 23, 33609, 2791
289, 35, 33640, 2948
290, 4, 33668, 3945
291, 49, 33693, 5668
292, 9, 33717, 1992
293, 58, 33748, 6355
294, 29, 33769, 720
295, 3, 33801, 2903
296, 3, 33830, 6132
297, 43, 33856, 1772
298, 54, 33880, 6587
299, 32, 33903, 3194
300, 3, 33925, 6454
301, 27, 33953, 3152
302, 43, 33976, 2627
303, 54, 34000, 5771
304, 54, 34028, 7095
305, 8, 34059, 2391
306, 5, 34087, 3473
307, 48, 34119, 1652
308, 27, 34145, 3529
309, 26, 34168, 21
310, 22, 34199, 3457
311, 39, 34220, 4465
312, 24, 34244, 1450
313, 6, 34271, 173
314, 15, 34300, 4221
315, 29, 34323, 229
316, 7, 34346, 4554
317, 35, 34378, 3932
318, 12, 34403, 6267
319, 57, 34432, 2817
320, 32, 34462, 6277
321, 27, 34486, 3586
322, 6, 34516, 1802
323, 23, 34542, 4812
324, 20, 34571, 2767
325, 17, 34596, 617
326, 7, 34622, 5253
327, 55, 34649, 1513
328, 17, 34675, 6237
329, 58, 34700, 5609
330, 35, 34725, 6891
331, 36, 34755, 1706
332, 46, 34787, 1679
333, 51, 34812, 4518
334, 20, 34835, 3050
335, 38, 34861, 3485
336, 27, 34891, 2509
337, 18, 34912, 4845
338, 44, 34935, 1906
339, 13, 34963, 3903
340, 20, 34993, 5712
341, 15, 35024, 366
342, 7, 35045, 2640
343, 23, 35072, 3388
344, 10, 35095, 3525
345, 47, 35124, 4343
346, 23, 35151, 4733
347, 17, 35175, 3899
348, 56, 35207, 5729
349, 56, 35237, 5366
350, 35, 35268, 288
351, 44, 35295, 1684
352, 45, 35321, 6791
353, 10, 35352, 3704
354, 21, 35373, 7012
355, 19, 35404, 1912
356, 43, 35430, 5474
357, 8, 35459, 1657
358, 24, 35487, 954
359, 13, 35513, 589
360, 40, 35542, 5227
361, 12, 35569, 6161
362, 48, 35598, 1376
363, 58, 35627, 5429
364, 16, 35650, 4369
365, 13, 35673, 2015
366, 23, 35697, 5986
367, 9, 35724, 2595
368, 60, 35747, 6640
369, 53, 35768, 1106
370, 32, 35798, 4319
371, 28, 35822, 2433
372, 14, 35847, 820
373, 14, 35879, 3800
374, 60, 35905, 3903
375, 40, 35928, 7021
376, 8, 35949, 2733
377, 13, 35974, 4891
378, 15, 36002, 3875
379, 30, 36025, 4496
380, 38, 36047, 7042
381, 21, 36067, 4239
382, 32, 36089, 5916
383, 30, 36113, 6586
384, 46, 36133, 5127
385, 25, 36151, 6355
386, 54, 36170, 4653
387, 8, 36193, 4324
388, 43, 36214, 1425
389, 16, 36233, 4755
390, 51, 36255, 3431
391, 25, 36274, 2567
392, 24, 36293, 3439
393, 5, 36310, 866
394, 41, 36326, 1733
395, 56, 36349, 4598
396, 14, 36372, 2254
397, 46, 36396, 1165
398, 49, 36416, 945
399, 42, 36440, 4749
400, 25, 36464, 4519
401, 34, 36486, 319
402, 5, 36506, 3426
403, 21, 36526, 6620
404, 31, 36545, 4805
405, 41, 36568, 7083
406, 55, 36588, 3494
407, 22, 36609, 5632
408, 41, 36631, 1969
409, 5, 36652, 420
410, 15, 36670, 3349
411, 16, 36693, 5360
412, 60, 36717, 294
413, 16, 36739, 1571
414, 48, 36756, 2863
415, 25, 36776, 5509
416, 28, 36794, 2778
417, 28, 36816, 4786
418, 25, 36840, 3831
419, 10, 36859, 5515
420, 32, 36883, 6207
421, 14, 36902, 1301
422, 51, 36923, 5277
423, 25, 36947, 3902
424, 13, 36966, 3632
425, 24, 36988, 57
426, 3, 37005, 6776
427, 32, 37028, 4826
428, 10, 37049, 5241
429, 36, 37066, 6364
430, 13, 37084, 1475
431, 47, 37107, 4573
432, 53, 37124, 6012
433, 19, 37146, 3732
434, 34, 37169, 3343
435, 43, 37189, 6761
436, 16, 37210, 561
437, 38, 37229, 3025
438, 18, 37245, 4812
439, 10, 37267, 4142
440, 10, 37287, 5263
441, 34, 37303, 5537
442, 55, 37326, 1080
443, 46, 37344, 4926
444, 54, 37367, 216
445, 44, 37391, 4751
446, 36, 37413, 2299
447, 35, 37430, 1157
448, 47, 37452, 3929
449, 48, 37468, 6567
450, 21, 37492, 4312
451, 11, 37511, 6213
452, 3, 37527, 1461
453, 58, 37544, 2277
454, 59, 37563, 2645
455, 41, 37587, 5515
456, 31, 37605, 395
457, 35, 37627, 3338
458, 50, 37651, 5812
459, 18, 37674, 4271
460, 31, 37698, 4791
461, 7, 37717, 437
462, 29, 37740, 3071
463, 33, 37762, 3390
464, 10, 37779, 1703
465, 25, 37802, 3426
466, 38, 37826, 4688
467, 53, 37847, 2050
468, 12, 37865, 3527
469, 42, 37887, 4540
470, 31, 37910, 6072
471, 44, 37930, 6665
472, 4, 37948, 4956
473, 45, 37969, 6072
474, 60, 37989, 2771
475, 51, 38012, 7163
476, 45, 38032, 1303
477, 51, 38054, 2501
478, 42, 38074, 4652
479, 17, 38094, 4558
480, 41, 38114, 5536
481, 47, 38132, 1954
482, 52, 38149, 2531
483, 42, 38166, 6719
484, 9, 38187, 5484
485, 12, 38204, 313
486, 19, 38227, 1570
487, 21, 38247, 1336
488, 51, 38266, 1024
489, 19, 38287, 599
490, 23, 38307, 4164
491, 31, 38331, 1295
492, 56, 38348, 514
493, 28, 38366, 6791
494, 40, 38384, 563
495, 4, 38400, 1963
496, 56, 38421, 5745
497, 52, 38438, 3443
498, 53, 38459, 3163
499, 37, 38481, 2373
500, 49, 38498, 1865
501, 27, 38521, 2725
502, 52, 38545, 2113
503, 14, 38565, 776
504, 4, 38588, 3516
505, 45, 38611, 3890
506, 55, 38630, 1696
507, 50, 38651, 6451
508, 45, 38672, 5975
509, 22, 38688, 3424
510, 33, 38704, 4594
511, 35, 38724, 2185
512, 26, 38746, 6805
513, 56, 38764, 6288
514, 22, 38788, 136
515, 35, 38810, 6677
516, 25, 38833, 4400
517, 21, 38852, 2230
518, 21, 38875, 1331
519, 31, 38896, 1668
520, 32, 38918, 585
521, 50, 38939, 46
522, 18, 38963, 4743
523, 17, 38987, 4419
524, 19, 39005, 2182
525, 23, 39025, 6237
526, 50, 39042, 3739
527, 32, 39066, 5505
528, 54, 39088, 783
529, 55, 39105, 4957
530, 39, 39125, 1720
531, 53, 39145, 6379
532, 20, 39161, 1646
533, 36, 39181, 709
534, 32, 39203, 5134
535, 4, 39222, 1306
536, 6, 39244, 4282
537, 37, 39261, 732
538, 23, 39284, 3333
539, 18, 39301, 3917
540, 7, 39323, 5567
541, 4, 39347, 5364
542, 28, 39370, 2720
543, 54, 39390, 5068
544, 45, 39406, 2239
545, 9, 39428, 4072
546, 26, 39450, 1545
547, 55, 39468, 3829
548, 25, 39487, 5093
549, 22, 39505, 1268
550, 47, 39527, 2066
551, 43, 39550, 6001
552, 34, 39574, 5381
553, 26, 39593, 4976
554, 9, 39610, 4027
555, 48, 39631, 5209
556, 7, 39648, 4617
557, 37, 39664, 2716
558, 18, 39681, 994
559, 19, 39705, 4221
560, 20, 39724, 505
561, 4, 39747, 3697
562, 30, 39766, 2337
563, 21, 39789, 1303
564, 20, 39813, 5779
565, 3, 39832, 3670
566, 54, 39848, 135
567, 16, 39868, 550
568, 53, 39888, 553
569, 36, 39910, 5907
570, 46, 39932, 6132
571, 53, 39952, 3142
572, 16, 39975, 3209
573, 50, 39999, 4889
574, 47, 40022, 65
575, 45, 40039, 5473
576, 42, 40055, 3599
577, 58, 40072, 1839
578, 42, 40096, 917
579, 29, 40119, 588
580, 26, 40142, 3448
581, 37, 40158, 1435
582, 31, 40181, 1309
583, 3, 40197, 4408
584, 30, 40216, 260
585, 42, 40239, 1132
586, 16, 40256, 4735
587, 21, 40272, 2739
588, 59, 40291, 838
589, 44, 40314, 6117
590, 35, 40336, 5779
591, 11, 40357, 5879
592, 3, 40381, 465
593, 24, 40403, 3344
594, 56, 40426, 4174
595, 10, 40446, 4422
596, 33, 40462, 3454
597, 49, 40482, 2291
598, 53, 40501, 2636
599, 6, 40522, 3490
600, 20, 40544, 1463
601, 58, 40562, 3042
602, 5, 40584, 1384
603, 16, 40607, 5282
604, 59, 40630, 2377
605, 23, 40649, 4661
606, 59, 40672, 1664
607, 53, 40689, 5772
608, 51, 40707, 5902
609, 44, 40726, 3438
610, 34, 40745, 481
611, 39, 40766, 5696
612, 23, 40787, 324
613, 5, 40806, 2712
614, 32, 40823, 4578
615, 43, 40847, 1213
616, 13, 40865, 871
617, 4, 40885, 3401
618, 19, 40902, 2291
619, 8, 40921, 5245
620, 5, 40938, 3376
621, 45, 40955, 2765
622, 46, 40976, 6679
623, 9, 40995, 1358
624, 11, 41019, 5199
625, 55, 41037, 5604
626, 20, 41056, 1449
627, 36, 41077, 1267
628, 52, 41093, 1348
629, 42, 41110, 799
630, 3, 41130, 6168
631, 9, 41148, 3281
632, 15, 41166, 912
633, 14, 41185, 6349
634, 5, 41205, 2586
635, 60, 41228, 3972
636, 49, 41252, 4059
637, 46, 41272, 4454
638, 6, 41293, 1813
639, 47, 41314, 709
640, 11, 41332, 2261
641, 29, 41350, 1198
642, 51, 41373, 4616
643, 43, 41393, 6081
644, 49, 41410, 4783
645, 36, 41431, 4164
646, 13, 41447, 1731
647, 37, 41465, 4645
648, 7, 41488, 3512
649, 37, 41508, 1597
650, 15, 41524, 6552
651, 15, 41540, 91
652, 40, 41562, 4175
653, 27, 41584, 1200
654, 40, 41600, 641
655, 43, 41620, 155
656, 52, 41644, 7167
657, 30, 41666, 4634
658, 10, 41686, 6888
659, 3, 41709, 206
660, 11, 41730, 5476
661, 31, 41746, 6540
662, 30, 41767, 1076
663, 21, 41783, 4256
664, 20, 41803, 4549
665, 60, 41825, 4308
666, 17, 41841, 4492
667, 19, 41858, 5909
668, 5, 41878, 1146
669, 46, 41894, 768
670, 60, 41917, 3323
671, 48, 41936, 2907
672, 20, 41954, 1436
673, 26, 41972, 5124
674, 36, 41990, 5179
675, 6, 42014, 4833
676, 18, 42032, 5728
677, 33, 42049, 812
678, 41, 42068, 5408
679, 23, 42089, 1981
680, 10, 42109, 4299
681, 20, 42127, 5156
682, 58, 42146, 542
683, 23, 42165, 4630
684, 49, 42187, 1844
685, 28, 42211, 2755
686, 46, 42227, 2468
687, 47, 42251, 3516
688, 57, 42269, 1583
689, 60, 42288, 5020
690, 8, 42304, 7108
691, 19, 42321, 6048
692, 23, 42338, 6352
693, 37, 42354, 2117
694, 52, 42370, 2553
695, 26, 42391, 4698
696, 58, 42410, 6049
697, 55, 42431, 4659
698, 19, 42451, 6846
699, 54, 42470, 3110
700, 60, 42486, 6492
701, 19, 42510, 6919
702, 12, 42527, 200
703, 7, 42550, 6930
704, 26, 42569, 522
705, 22, 42588, 3800
706, 6, 42612, 5300
707, 34, 42629, 7192
708, 15, 42650, 2049
709, 50, 42673, 3291
710, 51, 42696, 5980
711, 56, 42719, 5969
712, 43, 42743, 6525
713, 33, 42766, 6635
714, 38, 42789, 5307
715, 54, 42810, 25
716, 26, 42829, 5436
717, 9, 42850, 1020
718, 12, 42867, 4658
719, 18, 42884, 6120
720, 19, 42900, 164
721, 13, 42916, 6801
722, 50, 42935, 2405
723, 56, 42953, 4301
724, 36, 42974, 4241
725, 24, 42991, 6313
726, 48, 43015, 6144
727, 28, 43034, 5937
728, 54, 43052, 3464
729, 54, 43068, 6877
730, 13, 43089, 4456
731, 27, 43112, 1764
732, 5, 43134, 5526
733, 5, 43150, 3321
734, 31, 43168, 6283
735, 19, 43186, 3858
736, 12, 43204, 4719
737, 49, 43236, 4869
738, 11, 43265, 3143
739, 32, 43295, 5035
740, 27, 43316, 809
741, 50, 43348, 5946
742, 58, 43377, 5117
743, 16, 43402, 509
744, 41, 43423, 2777
745, 22, 43449, 2755
746, 26, 43480, 332
747, 35, 43510, 2155
748, 37, 43541, 2057
749, 50, 43571, 6252
750, 7, 43592, 1465
751, 16, 43619, 1467
752, 47, 43643, 4326
753, 37, 43665, 3624
754, 31, 43686, 2356
755, 51, 43707, 5329
756, 6, 43732, 4700
757, 31, 43761, 6200
758, 30, 43786, 1694
759, 32, 43810, 5398
760, 57, 43836, 7033
761, 55, 43857, 5660
762, 42, 43879, 5825
763, 47, 43910, 4978
764, 50, 43942, 531
765, 7, 43973, 1415
766, 55, 43997, 774
767, 16, 44025, 2579
768, 60, 44057, 1240
769, 60, 44088, 5625
770, 39, 44119, 4325
771, 48, 44143, 1862
772, 47, 44173, 2836
773, 57, 44203, 2958
774, 36, 44232, 1818
775, 17, 44260, 1427
776, 42, 44288, 2904
777, 40, 44309, 3062
778, 49, 44340, 1877
779, 53, 44362, 1328
780, 44, 44388, 6548
781, 31, 44414, 699
782, 50, 44439, 3134
783, 30, 44471, 2838
784, 45, 44500, 1970
785, 15, 44524, 1001
786, 18, 44552, 2647
787, 47, 44583, 5387
788, 10, 44615, 5460
789, 59, 44644, 7163
790, 23, 44666, 6339
791, 4, 44698, 1781
792, 25, 44730, 5097
793, 24, 44751, 4029
794, 43, 44782, 3523
795, 34, 44803, 1058
796, 50, 44834, 5001
797, 28, 44865, 3408
798, 21, 44890, 6202
799, 46, 44912, 4491
800, 22, 44942, 1585
801, 51, 44973, 686
802, 50, 45004, 4898
803, 55, 45036, 6144
804, 18, 45058, 6047
805, 29, 45083, 6802
806, 22, 45110, 6474
807, 10, 45131, 1111
808, 6, 45163, 3579
809, 58, 45186, 6756
810, 45, 45212, 5037
811, 37, 45233, 1401
812, 16, 45261, 1103
813, 17, 45285, 906
814, 29, 45314, 4937
815, 17, 45336, 4062
816, 22, 45360, 3445
817, 23, 45381, 2331
818, 38, 45412, 664
819, 36, 45439, 3752
820, 49, 45468, 4928
821, 60, 45493, 4430
822, 57, 45524, 1221
823, 27, 45554, 3976
824, 54, 45576, 2558
825, 37, 45606, 5338
826, 28, 45632, 3758
827, 59, 45659, 1669
828, 5, 45687, 5009
829, 24, 45711, 1370
830, 39, 45734, 2564
831, 41, 45761, 7183
832, 27, 45791, 1513
833, 21, 45818, 3119
834, 8, 45846, 2530
835, 10, 45876, 721
836, 33, 45906, 6800
837, 6, 45928, 3968
838, 17, 45956, 1579
839, 11, 45987, 6311
840, 55, 46009, 5178
841, 59, 46040, 3664
842, 36, 46065, 813
843, 57, 46097, 2652
844, 33, 46119, 2683
845, 49, 46146, 348
846, 36, 46178, 6233
847, 34, 46210, 2363
848, 44, 46235, 6270
849, 12, 46258, 621
850, 15, 46279, 6445
851, 51, 46300, 130
852, 15, 46330, 1865
853, 33, 46358, 5859
854, 41, 46387, 3919
855, 47, 46412, 2834
856, 16, 46442, 480
857, 36, 46467, 6972
858, 29, 46496, 1760
859, 49, 46527, 2238
860, 13, 46558, 3158
861, 17, 46587, 1954
862, 59, 46617, 1757
863, 26, 46648, 2229
864, 28, 46671, 7092
865, 9, 46700, 929
866, 22, 46722, 204
867, 54, 46745, 1316
868, 25, 46767, 1150
869, 26, 46793, 2561
870, 29, 46824, 4963
871, 25, 46865, 4185
872, 24, 46904, 167
873, 28, 46943, 1881
874, 15, 46991, 4089
875, 12, 47024, 2269
876, 46, 47064, 2439
877, 46, 47112, 1333
878, 29, 47154, 5473
879, 13, 47200, 1590
880, 52, 47237, 6969
881, 35, 47280, 1834
882, 44, 47324, 5401
883, 11, 47356, 1235
884, 36, 47399, 2450
885, 28, 47443, 2161
886, 27, 47490, 3849
887, 44, 47535, 4690
888, 42, 47574, 3437
889, 14, 47607, 4569
890, 41, 47650, 1423
891, 36, 47696, 2772
892, 51, 47734, 2466
893, 3, 47773, 4475
894, 50, 47817, 6355
895, 31, 47859, 5616
896, 27, 47895, 5110
897, 24, 47939, 6222
898, 42, 47975, 1846
899, 22, 48021, 2214
900, 10, 48067, 1693
901, 58, 48109, 2883
902, 48, 48156, 5383
903, 32, 48200, 3636
904, 7, 48248, 5851
905, 34, 48294, 3231
906, 35, 48336, 2207
907, 42, 48377, 6289
908, 55, 48420, 720
909, 39, 48456, 7084
910, 26, 48494, 4589
911, 54, 48540, 5212
912, 22, 48576, 2371
913, 22, 48623, 2945
914, 27, 48658, 5048
915, 60, 48700, 453
916, 51, 48736, 1347
917, 55, 48783, 2099
918, 51, 48816, 1193
919, 56, 48858, 3496
920, 16, 48895, 3967
921, 5, 48939, 5409
922, 39, 48986, 4752
923, 22, 49024, 5258
924, 55, 49067, 4021
925, 9, 49115, 4571
926, 36, 49152, 5584
927, 38, 49188, 2596
928, 25, 49226, 4883
929, 40, 49272, 589
930, 26, 49314, 2279
931, 15, 49346, 110
932, 44, 49392, 1081
933, 50, 49424, 1519
934, 17, 49467, 938
935, 36, 49500, 6573
936, 39, 49539, 4129
937, 20, 49581, 3683
938, 49, 49616, 6720
939, 11, 49659, 6468
940, 51, 49694, 3386
941, 25, 49733, 3890
942, 19, 49779, 3799
943, 41, 49815, 2571
944, 26, 49848, 6929
945, 55, 49895, 7055
946, 53, 49936, 3102
947, 47, 49979, 6439
948, 55, 50025, 6847
949, 49, 50061, 2861
950, 17, 50106, 4664
951, 20, 50151, 316
952, 31, 50186, 2369
953, 55, 50219, 2516
954, 21, 50259, 6816
955, 26, 50295, 7099
956, 27, 50343, 6684
957, 54, 50385, 825
958, 60, 50430, 5282
959, 10, 50462, 3011
960, 10, 50509, 5900
961, 11, 50541, 1057
962, 28, 50574, 4140
963, 51, 50617, 2990
964, 29, 50659, 2089
965, 16, 50701, 993
966, 42, 50736, 836
967, 55, 50774, 3879
968, 8, 50821, 4661
969, 13, 50864, 6324
970, 11, 50896, 1347
971, 32, 50934, 530
972, 10, 50978, 828
973, 43, 51015, 5915
974, 28, 51056, 1591
975, 45, 51089, 6367
976, 46, 51123, 4510
977, 30, 51157, 5587
978, 12, 51203, 448
979, 53, 51245, 1967
980, 30, 51291, 6587
981, 12, 51332, 6904
982, 59, 51380, 4595
983, 9, 51427, 7171
984, 13, 51473, 1146
985, 46, 51505, 3427
986, 24, 51542, 4708
987, 37, 51576, 6501
988, 29, 51609, 3709
989, 27, 51653, 5596
990, 7, 51700, 4890
991, 17, 51733, 3594
992, 58, 51778, 6451
993, 6, 51825, 5976
994, 12, 51864, 477
995, 18, 51909, 3019
996, 53, 51942, 1622
997, 41, 51987, 1816
998, 37, 52028, 5598
999, 28, 52063, 745
1000, 57, 52100, 5494
1001, 7, 52132, 3135
1002, 58, 52172, 5798
1003, 15, 52211, 6108
1004, 43, 52244, 3643
1005, 12, 52288, 5283
1006, 24, 52331, 3383
1007, 38, 52376, 5611
1008, 3, 52417, 1986
1009, 25, 52453, 2978
1010, 41, 52490, 3978
1011, 31, 52536, 1313
1012, 32, 52582, 3835
1013, 47, 52624, 2314
1014, 20, 52665, 2172
1015, 34, 52705, 3354
1016, 46, 52753, 2307
1017, 6, 52797, 3402
1018, 14, 52842, 1431
1019, 32, 52886, 5538
1020, 22, 52932, 5416
1021, 12, 52971, 7117
1022, 30, 53008, 3607
1023, 45, 53047, 6864
1024, 29, 53082, 6999
1025, 52, 53120, 588
1026, 34, 53166, 1377
1027, 8, 53203, 6524
1028, 48, 53249, 1292
1029, 38, 53282, 6578
1030, 31, 53330, 5490
1031, 15, 53371, 6540
1032, 33, 53405, 5596
1033, 47, 53437, 3951
1034, 19, 53470, 5024
1035, 38, 53507, 6439
1036, 37, 53545, 4768
1037, 42, 53585, 3323
1038, 56, 53627, 2851
1039, 43, 53661, 204
1040, 49, 53702, 3158
1041, 59, 53750, 4085
1042, 60, 53793, 4738
1043, 57, 53830, 6883
1044, 37, 53875, 5384
1045, 43, 53916, 2083
1046, 4, 53963, 4151
1047, 42, 54004, 3485
1048, 44, 54031, 6502
1049, 41, 54058, 3558
1050, 34, 54085, 532
1051, 3, 54113, 6542
1052, 40, 54142, 855
1053, 31, 54167, 6025
1054, 4, 54190, 4526
1055, 15, 54218, 3508
1056, 36, 54246, 6253
1057, 26, 54276, 2314
1058, 19, 54306, 480
1059, 12, 54330, 2933
1060, 4, 54358, 3621
1061, 23, 54383, 5997
1062, 41, 54409, 6636
1063, 20, 54436, 6536
1064, 8, 54465, 5169
1065, 37, 54487, 5806
1066, 14, 54514, 6097
1067, 18, 54543, 3253
1068, 17, 54566, 2982
1069, 17, 54587, 49
1070, 43, 54617, 5264
1071, 10, 54647, 1934
1072, 10, 54673, 5418
1073, 27, 54696, 6153
1074, 4, 54721, 4323
1075, 7, 54753, 5056
1076, 44, 54777, 152
1077, 14, 54808, 1969
1078, 16, 54840, 6129
1079, 30, 54861, 6477
1080, 47, 54892, 2247
1081, 20, 54924, 3168
1082, 52, 54954, 1340
1083, 27, 54975, 6577
1084, 19, 55002, 740
1085, 4, 55025, 1684
1086, 58, 55055, 26
1087, 36, 55081, 3744
1088, 38, 55106, 5382
1089, 4, 55138, 6569
1090, 8, 55159, 4614
1091, 6, 55189, 2903
1092, 8, 55210, 2834
1093, 21, 55238, 5280
1094, 12, 55262, 3241
1095, 7, 55289, 1622
1096, 53, 55314, 5224
1097, 49, 55340, 3719
1098, 41, 55368, 2125
1099, 19, 55396, 407
1100, 15, 55424, 5795
1101, 48, 55446, 2333
1102, 10, 55477, 2044
1103, 60, 55504, 6450
1104, 29, 55531, 2900
1105, 16, 55563, 2214
1106, 21, 55594, 3954
1107, 46, 55619, 6699
1108, 25, 55646, 800
1109, 54, 55676, 5948
1110, 21, 55703, 1770
1111, 17, 55726, 1970
1112, 18, 55758, 2908
1113, 13, 55785, 3621
1114, 49, 55814, 1750
1115, 48, 55844, 1655
1116, 43, 55872, 6603
1117, 17, 55894, 5514
1118, 44, 55917, 1171
1119, 37, 55942, 6424
1120, 29, 55972, 2393
1121, 60, 55998, 4777
1122, 6, 56022, 5324
1123, 16, 56049, 916
1124, 46, 56075, 6317
1125, 33, 56098, 3177
1126, 41, 56121, 5587
1127, 23, 56144, 3611
1128, 31, 56173, 5703
1129, 35, 56200, 3256
1130, 53, 56228, 3348
1131, 6, 56256, 4281
1132, 4, 56277, 1040
1133, 26, 56304, 3757
1134, 56, 56330, 829
1135, 49, 56357, 5860
1136, 26, 56380, 2819
1137, 3, 56411, 5462
1138, 60, 56436, 38
1139, 51, 56465, 3219
1140, 9, 56493, 6564
1141, 23, 56521, 2257
1142, 29, 56545, 5932
1143, 46, 56570, 4673
1144, 26, 56600, 5896
1145, 15, 56623, 4151
1146, 20, 56650, 906
1147, 43, 56678, 7067
1148, 41, 56703, 4693
1149, 38, 56725, 2724
1150, 5, 56757, 6765
1151, 49, 56780, 3445
1152, 45, 56805, 435
1153, 25, 56831, 5754
1154, 44, 56858, 3643
1155, 24, 56879, 4481
1156, 21, 56909, 919
1157, 34, 56932, 2613
1158, 52, 56963, 4909
1159, 53, 56993, 3297
1160, 17, 57014, 2389
1161, 49, 57036, 2283
1162, 38, 57058, 7189
1163, 59, 57081, 6122
1164, 8, 57110, 3221
1165, 55, 57140, 6631
1166, 55, 57162, 184
1167, 22, 57189, 1045
1168, 5, 57210, 2123
1169, 3, 57242, 4110
1170, 19, 57264, 3171
1171, 48, 57286, 3398
1172, 55, 57311, 5361
1173, 59, 57342, 2352
1174, 4, 57372, 6203
1175, 35, 57400, 2694
1176, 30, 57421, 283
1177, 38, 57446, 632
1178, 16, 57477, 3172
1179, 13, 57508, 2748
1180, 43, 57536, 4805
1181, 32, 57567, 4352
1182, 44, 57591, 1839
1183, 35, 57615, 3700
1184, 41, 57642, 2759
1185, 38, 57672, 7031
1186, 10, 57701, 1594
1187, 48, 57728, 4995
1188, 48, 57753, 3611
1189, 13, 57785, 1860
1190, 6, 57810, 4055
1191, 8, 57837, 1964
1192, 51, 57860, 3313
1193, 58, 57884, 2577
1194, 22, 57909, 4398
1195, 17, 57930, 3132
1196, 51, 57961, 3231
1197, 41, 57990, 5990
1198, 51, 58022, 4882
1199, 23, 58053, 5373
1200, 32, 58082, 3797
1201, 25, 58112, 1251
1202, 4, 58139, 4107
1203, 36, 58161, 1822
1204, 5, 58184, 981
1205, 35, 58212, 5282
1206, 46, 58236, 1532
1207, 49, 58268, 571
1208, 44, 58294, 4468
1209, 41, 58322, 5318
1210, 45, 58347, 1365
1211, 25, 58376, 473
1212, 59, 58403, 3383
1213, 15, 58430, 6529
1214, 56, 58460, 827
1215, 6, 58489, 3256
1216, 42, 58513, 6832
1217, 17, 58544, 241
1218, 29, 58565, 4148
1219, 48, 58588, 141
1220, 59, 58609, 6918
1221, 18, 58638, 4460
1222, 55, 58665, 199
1223, 51, 58694, 2852
1224, 59, 58721, 622
1225, 46, 58753, 3974
1226, 14, 58781, 2655
1227, 50, 58812, 3677
1228, 32, 58838, 265
1229, 19, 58870, 182
1230, 33, 58899, 3322
1231, 25, 58922, 511
1232, 38, 58947, 2405
1233, 31, 58974, 3672
1234, 11, 58997, 6564
1235, 7, 59019, 6387
1236, 9, 59049, 3784
1237, 26, 59076, 6396
1238, 17, 59101, 4128
1239, 22, 59124, 7074
1240, 33, 59147, 5080
1241, 24, 59170, 3796
1242, 27, 59195, 2235
1243, 36, 59220, 175
1244, 12, 59244, 1990
1245, 51, 59268, 6646
1246, 44, 59297, 4743
1247, 23, 59321, 309
1248, 24, 59345, 4186
1249, 46, 59368, 6212
1250, 40, 59395, 2527
1251, 26, 59424, 5949
1252, 9, 59456, 6303
1253, 39, 59478, 4472
1254, 17, 59506, 1824
1255, 5, 59528, 4964
1256, 51, 59559, 5805
1257, 5, 59590, 4800
1258, 33, 59622, 1549
1259, 22, 59652, 3761
1260, 16, 59679, 339
1261, 42, 59702, 6177
1262, 26, 59728, 3909
1263, 25, 59759, 1211
1264, 39, 59780, 6613
1265, 38, 59810, 3234
1266, 7, 59833, 3600
1267, 28, 59858, 2453
1268, 5, 59884, 1129
1269, 36, 59906, 5692
1270, 52, 59935, 4958
1271, 28, 59957, 3334
1272, 46, 59987, 4910
1273, 38, 60010, 6620
1274, 9, 60037, 4120
1275, 57, 60061, 61
1276, 11, 60088, 278
1277, 22, 60117, 1496
1278, 48, 60148, 6661
1279, 10, 60176, 5733
1280, 31, 60207, 1756
1281, 23, 60230, 6091
1282, 45, 60252, 4767
1283, 56, 60279, 5239
1284, 60, 60311, 6815
1285, 6, 60340, 4615
1286, 11, 60372, 1298
1287, 8, 60393, 143
1288, 57, 60421, 92
1289, 40, 60444, 2681
1290, 28, 60471, 753
1291, 38, 60503, 42
1292, 24, 60533, 2463
1293, 17, 60555, 4559
1294, 16, 60584, 932
1295, 23, 60612, 2795
1296, 33, 60642, 3522
1297, 28, 60674, 1303
1298, 3, 60696, 5445
1299, 32, 60717, 7030
1300, 18, 60747, 3481
1301, 50, 60770, 4150
1302, 18, 60799, 1781
1303, 46, 60831, 750
1304, 13, 60860, 2788
1305, 17, 60887, 2619
1306, 24, 60914, 5498
1307, 47, 60939, 332
1308, 36, 60970, 2607
1309, 39, 61002, 1479
1310, 18, 61034, 4276
1311, 17, 61061, 464
1312, 30, 61085, 1190
1313, 50, 61112, 6588
1314, 50, 61134, 1451
1315, 32, 61165, 4358
1316, 28, 61186, 6697
1317, 38, 61208, 1646
1318, 14, 61235, 3154
1319, 15, 61265, 2614
1320, 57, 61295, 1765
1321, 44, 61325, 2540
1322, 3, 61357, 1098
1323, 8, 61382, 236
1324, 41, 61411, 3576
1325, 47, 61442, 1146
1326, 12, 61464, 4901
1327, 48, 61493, 2603
1328, 5, 61521, 648
1329, 17, 61548, 259
1330, 59, 61573, 3167
1331, 20, 61598, 6622
1332, 55, 61619, 4899
1333, 33, 61648, 6553
1334, 4, 61671, 5946
1335, 37, 61697, 2070
1336, 58, 61719, 2347
1337, 37, 61741, 6815
1338, 50, 61765, 4162
1339, 48, 61790, 7182
1340, 15, 61820, 4419
1341, 5, 61845, 1865
1342, 37, 61867, 530
1343, 5, 61897, 4002
1344, 8, 61923, 2787
1345, 10, 61953, 1640
1346, 12, 61984, 3584
1347, 15, 62009, 5035
1348, 15, 62032, 5285
1349, 22, 62060, 6097
1350, 30, 62081, 2970
1351, 55, 62105, 4663
1352, 7, 62129, 3762
1353, 50, 62153, 2422
1354, 22, 62185, 6104
1355, 11, 62213, 2814
1356, 43, 62239, 3090
1357, 60, 62266, 817
1358, 50, 62293, 3604
1359, 54, 62323, 620
1360, 58, 62345, 6767
1361, 46, 62367, 6055
1362, 15, 62396, 4125
1363, 39, 62421, 1115
1364, 11, 62447, 4638
1365, 57, 62472, 4426
1366, 9, 62503, 418
1367, 4, 62533, 4094
1368, 21, 62561, 2823
1369, 22, 62587, 6617
1370, 39, 62619, 66
1371, 44, 62644, 2282
1372, 38, 62674, 3089
1373, 12, 62704, 3824
1374, 60, 62734, 6277
1375, 18, 62757, 5402
1376, 57, 62779, 2077
1377, 28, 62802, 7048
1378, 22, 62834, 4982
1379, 46, 62857, 1602
1380, 52, 62880, 2291
1381, 16, 62901, 3464
1382, 34, 62933, 1396
1383, 50, 62959, 1000
1384, 5, 62984, 4989
1385, 10, 63010, 3828
1386, 53, 63042, 179
1387, 58, 63068, 3756
1388, 18, 63100, 3660
1389, 42, 63124, 291
1390, 20, 63149, 3429
1391, 23, 63177, 649
1392, 42, 63206, 6583
1393, 18, 63236, 1127
1394, 49, 63267, 5326
1395, 52, 63299, 4719
1396, 60, 63323, 3713
1397, 43, 63350, 6623
1398, 33, 63382, 2366
1399, 13, 63409, 147
1400, 5, 63439, 1672
1401, 22, 63463, 48
1402, 31, 63491, 2503
1403, 23, 63517, 7109
1404, 60, 63538, 6658
1405, 14, 63568, 437
1406, 6, 63590, 4437
1407, 9, 63619, 1651
1408, 8, 63648, 7140
1409, 46, 63674, 2241
1410, 12, 63695, 6742
1411, 13, 63720, 7126
1412, 51, 63752, 1941
1413, 25, 63773, 2738
1414, 51, 63803, 5775
1415, 41, 63828, 5829
1416, 27, 63852, 4080
1417, 8, 63877, 982
1418, 45, 63906, 3401
1419, 28, 63936, 2437
1420, 24, 63966, 3016
1421, 39, 63997, 2042
1422, 19, 64023, 4751
1423, 25, 64048, 2623
1424, 29, 64077, 3950
1425, 16, 64103, 530
1426, 9, 64128, 4471
1427, 28, 64158, 629
1428, 50, 64180, 5402
1429, 10, 64207, 707
1430, 28, 64230, 6034
1431, 57, 64262, 2031
1432, 12, 64287, 6410
1433, 54, 64309, 4110
1434, 42, 64336, 771
1435, 44, 64365, 4466
1436, 55, 64391, 5396
1437, 18, 64419, 1239
1438, 45, 64443, 1153
1439, 43, 64468, 5650
1440, 42, 64495, 3913
1441, 38, 64516, 7196
1442, 14, 64538, 2651
1443, 9, 64562, 5850
1444, 50, 64593, 6881
1445, 57, 64625, 4718
1446, 25, 64652, 2558
1447, 9, 64676, 5989
1448, 34, 64704, 2792
1449, 54, 64733, 2812
1450, 43, 64760, 6125
1451, 14, 64785, 3472
1452, 18, 64808, 3462
1453, 7, 64840, 4638
1454, 19, 64863, 4927
1455, 5, 64885, 5064
1456, 40, 64912, 1071
1457, 58, 64938, 6365
1458, 15, 64969, 6193
1459, 47, 64994, 6906
1460, 22, 65016, 7051
1461, 35, 65037, 1033
1462, 55, 65067, 5624
1463, 11, 65089, 254
1464, 58, 65111, 6914
1465, 47, 65137, 1785
1466, 23, 65160, 4981
1467, 38, 65191, 6602
1468, 46, 65215, 5916
1469, 30, 65241, 1174
1470, 21, 65268, 6160
1471, 11, 65290, 2877
1472, 38, 65319, 5608
1473, 40, 65344, 12
1474, 22, 65373, 2535
1475, 10, 65401, 4616
1476, 40, 65423, 761
1477, 57, 65444, 6519
1478, 7, 65466, 4421
1479, 40, 65492, 5813
1480, 28, 65524, 6635
1481, 23, 65545, 1819
1482, 25, 65574, 3735
1483, 34, 65596, 6438
1484, 16, 65623, 304
1485, 35, 65653, 1919
1486, 17, 65674, 900
1487, 33, 65698, 5417
1488, 51, 65721, 2492
1489, 16, 65751, 5267
1490, 41, 65776, 1345
1491, 15, 65802, 549
1492, 18, 65831, 2298
1493, 43, 65858, 3159
1494, 19, 65887, 2727
1495, 57, 65910, 2410
1496, 18, 65939, 7180
1497, 58, 65960, 5844
1498, 35, 65990, 4848
1499, 16, 66013, 665
1500, 37, 66037, 4277
1501, 10, 66060, 6640
1502, 19, 66087, 648
1503, 25, 66110, 1711
1504, 31, 66132, 6573
1505, 26, 66154, 3438
1506, 19, 66179, 785
1507, 49, 66207, 765
1508, 39, 66239, 5611
1509, 53, 66265, 486
1510, 16, 66294, 2457
1511, 52, 66324, 3731
1512, 7, 66352, 6195
1513, 14, 66373, 1753
1514, 13, 66394, 3432
1515, 36, 66422, 1818
1516, 20, 66446, 6975
1517, 28, 66474, 5697
1518, 19, 66498, 2919
1519, 58, 66519, 686
1520, 51, 66543, 3857
1521, 50, 66573, 4280
1522, 15, 66602, 680
1523, 15, 66631, 142
1524, 43, 66655, 5260
1525, 47, 66680, 254
1526, 58, 66703, 3894
1527, 37, 66734, 3906
1528, 48, 66766, 414
1529, 31, 66797, 3602
1530, 4, 66822, 2952
1531, 57, 66853, 1720
1532, 39, 66874, 6431
1533, 18, 66901, 4601
1534, 9, 66924, 3606
1535, 20, 66946, 1512
1536, 39, 66968, 6986
1537, 7, 66993, 1939
1538, 26, 67018, 1773
1539, 40, 67042, 3923
1540, 33, 67067, 5093
1541, 17, 67092, 6297
1542, 19, 67116, 3609
1543, 37, 67140, 2003
1544, 24, 67164, 5440
1545, 27, 67191, 4391
1546, 56, 67218, 2874
1547, 30, 67239, 1536
1548, 49, 67263, 3667
1549, 17, 67295, 5123
1550, 20, 67317, 6736
1551, 25, 67347, 6087
1552, 57, 67374, 5748
1553, 46, 67395, 3454
1554, 52, 67426, 2504
1555, 3, 67447, 5049
1556, 41, 67471, 2869
1557, 33, 67492, 4866
1558, 42, 67516, 3873
1559, 38, 67547, 6519
1560, 12, 67577, 6335
1561, 43, 67604, 5896
1562, 39, 67626, 6620
1563, 22, 67652, 137
1564, 28, 67679, 6592
1565, 52, 67708, 5226
1566, 24, 67737, 2351
1567, 24, 67768, 6039
1568, 43, 67798, 41
1569, 36, 67823, 2942
1570, 43, 67844, 2401
1571, 38, 67874, 582
1572, 49, 67904, 4624
1573, 47, 67935, 2337
1574, 28, 67965, 3395
1575, 30, 67988, 4412
1576, 40, 68010, 1747
1577, 16, 68031, 2732
1578, 40, 68054, 6192
1579, 60, 68075, 149
1580, 60, 68098, 2516
1581, 39, 68125, 641
1582, 25, 68150, 5789
1583, 35, 68174, 1862
1584, 45, 68206, 1418
1585, 3, 68228, 2302
1586, 5, 68256, 4055
1587, 11, 68277, 4921
1588, 54, 68301, 1031
1589, 45, 68331, 3157
1590, 18, 68356, 5264
1591, 37, 68382, 6738
1592, 26, 68411, 6134
1593, 21, 68450, 2563
1594, 26, 68482, 2737
1595, 35, 68519, 4548
1596, 27, 68563, 1613
1597, 55, 68610, 6027
1598, 35, 68646, 257
1599, 48, 68685, 147
1600, 4, 68719, 3367
1601, 45, 68760, 4735
1602, 27, 68797, 6149
1603, 6, 68835, 1732
1604, 26, 68868, 1518
1605, 7, 68900, 3874
1606, 24, 68944, 1829
1607, 53, 68983, 2188
1608, 38, 69015, 6874
1609, 38, 69062, 2232
1610, 26, 69104, 4582
1611, 39, 69151, 5744
1612, 31, 69183, 1124
1613, 48, 69225, 1977
1614, 31, 69265, 3888
1615, 26, 69311, 5725
1616, 11, 69350, 4764
1617, 8, 69386, 2348
1618, 14, 69430, 4316
1619, 57, 69473, 5514
1620, 59, 69505, 4348
1621, 35, 69540, 1524
1622, 26, 69578, 4868
1623, 34, 69618, 5118
1624, 37, 69650, 2843
1625, 41, 69696, 4648
1626, 21, 69728, 6256
1627, 40, 69767, 5238
1628, 34, 69807, 2240
1629, 13, 69845, 6056
1630, 11, 69879, 3663
1631, 31, 69925, 917
1632, 13, 69973, 656
1633, 38, 70010, 3494
1634, 30, 70048, 79
1635, 20, 70089, 6405
1636, 43, 70130, 3526
1637, 9, 70172, 1805
1638, 35, 70212, 1569
1639, 40, 70251, 2343
1640, 22, 70284, 3284
1641, 24, 70318, 853
1642, 34, 70357, 4059
1643, 36, 70404, 6172
1644, 50, 70436, 4233
1645, 4, 70480, 2899
1646, 8, 70514, 1757
1647, 28, 70562, 531
1648, 44, 70594, 3548
1649, 52, 70626, 3844
1650, 55, 70673, 5620
1651, 29, 70711, 827
1652, 22, 70748, 4696
1653, 11, 70790, 2187
1654, 14, 70825, 5435
1655, 51, 70861, 571
1656, 58, 70900, 6161
1657, 29, 70946, 6498
1658, 37, 70987, 1371
1659, 17, 71029, 2448
1660, 11, 71063, 7175
1661, 21, 71110, 4137
1662, 16, 71147, 6542
1663, 23, 71192, 3815
1664, 24, 71224, 3966
1665, 40, 71261, 4893
1666, 54, 71304, 5405
1667, 23, 71341, 5193
1668, 14, 71383, 4408
1669, 27, 71425, 1072
1670, 47, 71465, 800
1671, 41, 71499, 5939
1672, 17, 71543, 2368
1673, 18, 71591, 5759
1674, 3, 71623, 6654
1675, 7, 71661, 6990
1676, 30, 71701, 5077
1677, 52, 71745, 5434
1678, 34, 71784, 7081
1679, 46, 71821, 5079
1680, 57, 71863, 4325
1681, 15, 71895, 462
1682, 49, 71941, 1673
1683, 30, 71982, 2579
1684, 32, 72016, 6406
1685, 57, 72060, 4652
1686, 32, 72107, 1387
1687, 40, 72153, 5455
1688, 42, 72188, 4754
1689, 58, 72220, 4952
1690, 40, 72262, 4025
1691, 38, 72310, 744
1692, 47, 72353, 6031
1693, 11, 72396, 1343
1694, 22, 72432, 630
1695, 19, 72477, 5906
1696, 20, 72518, 747
1697, 47, 72554, 3703
1698, 29, 72600, 6105
1699, 11, 72633, 1994
1700, 12, 72670, 1963
1701, 21, 72710, 1272
1702, 4, 72744, 2206
1703, 11, 72792, 5281
1704, 58, 72834, 6522
1705, 6, 72874, 3287
1706, 48, 72918, 1551
1707, 33, 72950, 3279
1708, 7, 72991, 411
1709, 4, 73023, 5721
1710, 7, 73070, 5102
1711, 45, 73118, 3116
1712, 45, 73156, 5247
1713, 38, 73194, 2647
1714, 55, 73232, 2159
1715, 52, 73274, 1674
1716, 29, 73317, 4726
1717, 16, 73353, 3079
1718, 56, 73394, 1023
1719, 32, 73441, 3053
1720, 14, 73488, 2874
1721, 31, 73531, 6151
1722, 47, 73572, 1059
1723, 26, 73618, 3179
1724, 33, 73652, 3350
1725, 9, 73686, 6742
1726, 35, 73731, 139
1727, 13, 73771, 2583
1728, 36, 73815, 3438
1729, 57, 73850, 1698
1730, 39, 73896, 88
1731, 44, 73940, 3389
1732, 23, 73981, 4155
1733, 54, 74022, 1265
1734, 23, 74068, 1274
1735, 26, 74116, 66
1736, 4, 74158, 2506
1737, 35, 74200, 1264
1738, 45, 74238, 1646
1739, 15, 74283, 2497
1740, 17, 74329, 876
1741, 51, 74369, 4593
1742, 49, 74412, 6989
1743, 33, 74450, 6853
1744, 7, 74485, 7061
1745, 19, 74523, 1896
1746, 10, 74559, 7056
1747, 10, 74607, 623
1748, 16, 74646, 5276
1749, 5, 74690, 842
1750, 45, 74727, 6344
1751, 18, 74768, 1882
1752, 30, 74808, 5226
1753, 53, 74841, 1292
1754, 23, 74874, 945
1755, 36, 74912, 3675
1756, 44, 74959, 314
1757, 56, 74996, 765
1758, 46, 75043, 3087
1759, 53, 75081, 3606
1760, 45, 75121, 6574
1761, 19, 75160, 6883
1762, 32, 75202, 7114
1763, 24, 75250, 3030
1764, 49, 75293, 6065
1765, 3, 75332, 1058
1766, 6, 75377, 6416
1767, 15, 75422, 3522
1768, 23, 75456, 5606
1769, 45, 75495, 872
1770, 37, 75534, 955
1771, 11, 75566, 3392
1772, 29, 75608, 6978
1773, 38, 75624, 6402
1774, 52, 75643, 6065
1775, 54, 75665, 3152
1776, 28, 75689, 2962
1777, 21, 75706, 6740
1778, 39, 75729, 580
1779, 18, 75746, 4224
1780, 16, 75762, 5312
1781, 17, 75781, 829
1782, 8, 75801, 2573
1783, 16, 75818, 6705
1784, 39, 75840, 2955
1785, 26, 75863, 5959
1786, 11, 75883, 4463
1787, 49, 75905, 2264
1788, 20, 75921, 1798
1789, 9, 75940, 2873
1790, 38, 75957, 280
1791, 39, 75975, 3995
1792, 33, 75991, 510
1793, 39, 76007, 4123
1794, 45, 76025, 5705
1795, 43, 76044, 3916
1796, 30, 76060, 6992
1797, 15, 76079, 1915
1798, 52, 76096, 1002
1799, 16, 76118, 6266
1800, 5, 76141, 5509
1801, 39, 76157, 6632
1802, 59, 76173, 5632
1803, 42, 76189, 4560
1804, 35, 76205, 4496
1805, 34, 76224, 2278
1806, 50, 76241, 2764
1807, 8, 76262, 1121
1808, 47, 76282, 2956
1809, 30, 76298, 6964
1810, 3, 76318, 2186
1811, 25, 76340, 3528
1812, 33, 76363, 5388
1813, 6, 76387, 4719
1814, 30, 76411, 5986
1815, 22, 76433, 2717
1816, 19, 76449, 6770
1817, 31, 76471, 536
1818, 41, 76491, 5170
1819, 13, 76513, 6072
1820, 45, 76537, 4864
1821, 41, 76561, 6957
1822, 39, 76583, 6750
1823, 10, 76603, 4770
1824, 19, 76626, 480
1825, 10, 76642, 5943
1826, 16, 76662, 5631
1827, 43, 76684, 6451
1828, 22, 76706, 5942
1829, 22, 76729, 2522
1830, 42, 76745, 182
1831, 14, 76764, 3967
1832, 35, 76787, 4163
1833, 41, 76811, 7160
1834, 7, 76831, 5654
1835, 44, 76851, 5384
1836, 55, 76874, 4373
1837, 27, 76891, 1052
1838, 15, 76908, 4223
1839, 12, 76931, 3615
1840, 55, 76953, 5118
1841, 30, 76973, 1399
1842, 57, 76992, 2057
1843, 9, 77014, 6283
1844, 10, 77036, 5938
1845, 3, 77060, 3691
1846, 28, 77081, 524
1847, 31, 77097, 5187
1848, 13, 77113, 3374
1849, 39, 77133, 3473
1850, 11, 77156, 1078
1851, 47, 77178, 4795
1852, 31, 77196, 5565
1853, 7, 77217, 2523
1854, 24, 77241, 800
1855, 4, 77258, 3693
1856, 59, 77277, 3495
1857, 9, 77298, 5444
1858, 11, 77319, 5425
1859, 11, 77339, 2213
1860, 32, 77363, 6288
1861, 15, 77380, 2611
1862, 39, 77399, 7051
1863, 58, 77421, 460
1864, 4, 77439, 3327
1865, 16, 77456, 4501
1866, 30, 77477, 6191
1867, 12, 77499, 1555
1868, 51, 77519, 6237
1869, 7, 77540, 4316
1870, 38, 77562, 2166
1871, 48, 77586, 3642
1872, 28, 77604, 6374
1873, 30, 77627, 350
1874, 32, 77649, 6166
1875, 16, 77667, 3627
1876, 47, 77683, 2408
1877, 15, 77706, 55
1878, 30, 77728, 4732
1879, 60, 77750, 2025
1880, 19, 77767, 588
1881, 31, 77785, 4111
1882, 19, 77803, 3218
1883, 7, 77820, 3121
1884, 34, 77842, 7
1885, 41, 77866, 2242
1886, 60, 77890, 3777
1887, 28, 77913, 1064
1888, 27, 77931, 3344
1889, 3, 77955, 4339
1890, 32, 77972, 3532
1891, 53, 77994, 7076
1892, 48, 78018, 351
1893, 21, 78036, 3858
1894, 22, 78057, 1646
1895, 26, 78081, 3230
1896, 3, 78097, 504
1897, 32, 78115, 418
1898, 24, 78133, 1754
1899, 50, 78151, 1024
1900, 12, 78174, 6831
1901, 37, 78193, 7164
1902, 28, 78213, 603
1903, 5, 78229, 790
1904, 24, 78252, 4641
1905, 49, 78274, 3243
1906, 51, 78292, 6056
1907, 12, 78310, 3480
1908, 19, 78334, 3129
1909, 6, 78355, 6347
1910, 41, 78378, 980
1911, 32, 78401, 2212
1912, 54, 78420, 4496
1913, 7, 78440, 152
1914, 59, 78459, 252
1915, 47, 78483, 1860
1916, 4, 78501, 3223
1917, 54, 78522, 472
1918, 18, 78542, 897
1919, 12, 78558, 4169
1920, 12, 78577, 5665
1921, 49, 78598, 4563
1922, 37, 78615, 3208
1923, 49, 78633, 339
1924, 57, 78656, 4011
1925, 39, 78675, 3544
1926, 4, 78693, 4587
1927, 28, 78712, 2111
1928, 56, 78733, 1155
1929, 6, 78752, 1158
1930, 14, 78776, 5390
1931, 10, 78798, 3459
1932, 56, 78815, 1886
1933, 59, 78838, 2347
1934, 36, 78856, 20
1935, 52, 78876, 4378
1936, 18, 78893, 6032
1937, 51, 78913, 3881
1938, 43, 78931, 3909
1939, 55, 78949, 6781
1940, 40, 78972, 4465
1941, 25, 78991, 2316
1942, 39, 79014, 6722
1943, 54, 79033, 912
1944, 58, 79051, 4180
1945, 45, 79070, 3602
1946, 37, 79089, 3621
1947, 4, 79110, 6992
1948, 4, 79130, 4481
1949, 50, 79154, 2195
1950, 28, 79177, 2639
1951, 38, 79195, 772
1952, 12, 79211, 4688
1953, 46, 79234, 6611
1954, 53, 79258, 1470
1955, 34, 79281, 2978
1956, 41, 79297, 4246
1957, 9, 79318, 6197
1958, 30, 79335, 2733
1959, 13, 79355, 2317
1960, 57, 79375, 5288
1961, 48, 79395, 5232
1962, 4, 79417, 4498
1963, 49, 79435, 5103
1964, 54, 79453, 1151
1965, 20, 79472, 807
1966, 6, 79493, 5244
1967, 19, 79510, 5124
1968, 52, 79526, 5531
1969, 3, 79548, 1145
1970, 41, 79571, 5131
1971, 30, 79591, 1315
1972, 35, 79607, 5081
1973, 43, 79628, 1246
1974, 41, 79649, 1687
1975, 41, 79665, 229
1976, 26, 79681, 5402
1977, 23, 79699, 2643
1978, 31, 79715, 4087
1979, 60, 79732, 3223
1980, 41, 79755, 2022
1981, 60, 79772, 1604
1982, 57, 79795, 1748
1983, 47, 79816, 5177
1984, 8, 79832, 118
1985, 24, 79856, 927
1986, 36, 79876, 6246
1987, 30, 79896, 1432
1988, 36, 79915, 2139
1989, 44, 79935, 6648
1990, 48, 79951, 1553
1991, 25, 79971, 1899
1992, 22, 79995, 907
1993, 20, 80015, 6192
1994, 26, 80036, 7084
1995, 16, 80058, 1820
1996, 8, 80074, 6595
1997, 21, 80093, 4708
1998, 59, 80112, 819
1999, 37, 80129, 201
2000, 50, 80153, 5488
2001, 22, 80171, 2148
2002, 6, 80195, 2457
2003, 50, 80215, 6333
2004, 59, 80238, 4141
2005, 22, 80262, 4632
2006, 58, 80284, 512
2007, 25, 80308, 6305
2008, 50, 80327, 3566
2009, 44, 80343, 5728
2010, 12, 80360, 1381
2011, 59, 80376, 1096
2012, 42, 80395, 1782
2013, 40, 80418, 6429
2014, 38, 80439, 5646
2015, 44, 80455, 4522
2016, 47, 80473, 5994
2017, 50, 80495, 6968
2018, 4, 80518, 6425
2019, 60, 80537, 6922
2020, 27, 80561, 1412
2021, 44, 80578, 3241
2022, 39, 80597, 4409
2023, 26, 80620, 2767
2024, 57, 80639, 2268
2025, 15, 80659, 6471
2026, 53, 80675, 5100
2027, 42, 80697, 1109
2028, 40, 80718, 48
2029, 32, 80735, 1325
2030, 35, 80756, 6782
2031, 55, 80775, 1423
2032, 10, 80794, 6046
2033, 50, 80813, 219
2034, 49, 80837, 1361
2035, 43, 80860, 2552
2036, 39, 80878, 4029
2037, 26, 80894, 6314
2038, 42, 80913, 4906
2039, 35, 80929, 300
2040, 46, 80947, 2690
2041, 16, 80965, 919
2042, 25, 80981, 1969
2043, 24, 81004, 6387
2044, 5, 81025, 1686
2045, 28, 81042, 615
2046, 30, 81061, 2919
2047, 38, 81085, 6120
2048, 22, 81104, 7153
2049, 14, 81120, 568
2050, 10, 81136, 3864
2051, 15, 81156, 2564
2052, 57, 81178, 2076
2053, 46, 81200, 3824
2054, 16, 81216, 948
2055, 17, 81233, 2839
2056, 50, 81250, 5531
2057, 20, 81274, 4277
2058, 25, 81294, 4873
2059, 43, 81311, 505
2060, 42, 81329, 5216
2061, 32, 81348, 2681
2062, 15, 81364, 7185
2063, 58, 81383, 792
2064, 17, 81404, 4562
2065, 30, 81420, 1653
2066, 50, 81437, 2795
2067, 16, 81453, 4258
2068, 57, 81469, 2555
2069, 39, 81488, 5797
2070, 43, 81508, 4354
2071, 56, 81528, 4079
2072, 22, 81552, 6401
2073, 50, 81569, 4877
2074, 59, 81586, 424
2075, 27, 81605, 2752
2076, 37, 81625, 4556
2077, 16, 81641, 4438
2078, 25, 81660, 2315
2079, 52, 81677, 4700
2080, 13, 81701, 3597
2081, 5, 81722, 226
2082, 43, 81746, 3577
2083, 21, 81766, 3402
2084, 8, 81785, 1646
2085, 7, 81807, 3121
2086, 27, 81826, 304
2087, 16, 81844, 3313
2088, 25, 81868, 6220
2089, 8, 81887, 4981
2090, 45, 81908, 325
2091, 7, 81928, 3372
2092, 11, 81949, 2346
2093, 17, 81969, 4151
2094, 42, 81991, 2605
2095, 51, 82011, 2361
2096, 57, 82028, 6120
2097, 6, 82052, 6416
2098, 37, 82071, 6421
2099, 14, 82093, 5670
2100, 50, 82112, 5315
2101, 3, 82131, 6350
2102, 51, 82152, 32
2103, 6, 82176, 3669
2104, 32, 82192, 3863
2105, 44, 82208, 913
2106, 15, 82229, 102
2107, 42, 82249, 3703
2108, 38, 82265, 5344
2109, 22, 82285, 2734
2110, 9, 82302, 3435
2111, 3, 82322, 3492
2112, 40, 82342, 685
2113, 34, 82363, 4177
2114, 20, 82381, 1301
2115, 47, 82404, 6035
2116, 25, 82421, 1261
2117, 46, 82444, 6305
2118, 35, 82461, 1921
2119, 21, 82483, 3374
2120, 31, 82500, 807
2121, 52, 82518, 2952
2122, 10, 82542, 5783
2123, 42, 82562, 2570
2124, 42, 82579, 587
2125, 57, 82603, 1392
2126, 23, 82625, 6712
2127, 43, 82645, 2228
2128, 20, 82664, 6166
2129, 31, 82681, 691
2130, 19, 82702, 2576
2131, 5, 82719, 3526
2132, 34, 82738, 3124
2133, 21, 82754, 3091
2134, 27, 82774, 368
2135, 20, 82798, 1276
2136, 44, 82814, 4519
2137, 53, 82835, 4583
2138, 47, 82858, 4595
2139, 15, 82888, 144
2140, 39, 82920, 4295
2141, 50, 82941, 2501
2142, 48, 82965, 2731
2143, 26, 82993, 1120
2144, 51, 83018, 4091
2145, 44, 83045, 5608
2146, 39, 83066, 6685
2147, 15, 83088, 3995
2148, 45, 83115, 2870
2149, 55, 83144, 1727
2150, 33, 83168, 1685
2151, 7, 83200, 5524
2152, 22, 83224, 134
2153, 40, 83249, 4369
2154, 10, 83273, 411
2155, 42, 83301, 5451
2156, 43, 83328, 1395
2157, 12, 83357, 120
2158, 29, 83388, 441
2159, 23, 83410, 5846
2160, 28, 83437, 301
2161, 18, 83466, 467
2162, 9, 83498, 6885
2163, 27, 83523, 2146
2164, 30, 83548, 1369
2165, 50, 83571, 2973
2166, 51, 83596, 6025
2167, 15, 83617, 1934
2168, 56, 83640, 1324
2169, 54, 83668, 2575
2170, 15, 83699, 566
2171, 44, 83730, 329
2172, 8, 83761, 6924
2173, 4, 83782, 5047
2174, 31, 83814, 284
2175, 52, 83838, 6071
2176, 53, 83867, 4612
2177, 57, 83888, 5899
2178, 10, 83916, 5540
2179, 54, 83945, 5475
2180, 37, 83971, 6335
2181, 35, 83998, 2717
2182, 5, 84026, 1345
2183, 4, 84056, 707
2184, 56, 84081, 1944
2185, 60, 84104, 3674
2186, 45, 84134, 4711
2187, 4, 84159, 7108
2188, 12, 84180, 6146
2189, 10, 84208, 2713
2190, 56, 84232, 2461
2191, 12, 84260, 4342
2192, 33, 84283, 1969
2193, 30, 84312, 5332
2194, 25, 84338, 1916
2195, 39, 84363, 6915
2196, 35, 84388, 2321
2197, 27, 84420, 2928
2198, 22, 84443, 4007
2199, 21, 84474, 123
2200, 57, 84505, 5497
2201, 60, 84532, 227
2202, 32, 84554, 5440
2203, 52, 84579, 4238
2204, 59, 84611, 1431
2205, 13, 84640, 1596
2206, 38, 84663, 4979
2207, 4, 84695, 2866
2208, 35, 84725, 2222
2209, 14, 84746, 2530
2210, 23, 84768, 7087
2211, 18, 84799, 1805
2212, 8, 84828, 2916
2213, 26, 84853, 2008
2214, 52, 84882, 1514
2215, 36, 84909, 5353
2216, 28, 84933, 2758
2217, 33, 84954, 4253
2218, 15, 84978, 459
2219, 49, 85009, 4175
2220, 49, 85030, 4938
2221, 30, 85052, 5992
2222, 42, 85073, 4976
2223, 41, 85098, 3669
2224, 40, 85119, 6082
2225, 52, 85142, 6900
2226, 43, 85167, 1535
2227, 47, 85192, 4899
2228, 34, 85224, 3206
2229, 6, 85250, 504
2230, 36, 85274, 6007
2231, 36, 85300, 566
2232, 7, 85329, 6275
2233, 26, 85357, 2140
2234, 31, 85381, 281
2235, 6, 85403, 6220
2236, 20, 85424, 4423
2237, 28, 85447, 6080
2238, 56, 85479, 7041
2239, 11, 85501, 6261
2240, 35, 85525, 3295
2241, 22, 85556, 2641
2242, 30, 85582, 2960
2243, 30, 85614, 2488
2244, 51, 85640, 7007
2245, 16, 85666, 3272
2246, 34, 85690, 2889
2247, 54, 85715, 4384
2248, 13, 85741, 4694
2249, 43, 85769, 4597
2250, 21, 85792, 1665
2251, 56, 85814, 5626
2252, 56, 85845, 4674
2253, 9, 85866, 4470
2254, 54, 85889, 4931
2255, 30, 85918, 3720
2256, 39, 85947, 6688
2257, 40, 85970, 1203
2258, 39, 86002, 6392
2259, 35, 86024, 321
2260, 33, 86050, 1802
2261, 24, 86072, 5140
2262, 10, 86099, 2514
2263, 13, 86126, 5173
2264, 19, 86154, 2395
2265, 3, 86186, 2244
2266, 33, 86211, 3915
2267, 60, 86234, 3878
2268, 22, 86263, 4641
2269, 6, 86286, 442
2270, 53, 86313, 1489
2271, 49, 86335, 5084
2272, 37, 86360, 3802
2273, 14, 86391, 1115
