1, 8, 71, 510
2, 49, 148, 5331
3, 60, 217, 4464
4, 16, 300, 1169
5, 56, 360, 4664
6, 48, 444, 6541
7, 38, 502, 1457
8, 17, 567, 3825
9, 46, 638, 5533
10, 44, 711, 2289
11, 38, 775, 370
12, 25, 841, 5207
13, 45, 911, 7140
14, 53, 996, 3793
15, 19, 1055, 4091
16, 21, 1124, 4784
17, 10, 1188, 1650
18, 38, 1259, 5657
19, 58, 1328, 4919
20, 4, 1407, 273
21, 40, 1476, 1487
22, 26, 1546, 954
23, 15, 1627, 6397
24, 44, 1697, 4571
25, 25, 1779, 5660
26, 3, 1859, 1793
27, 32, 1925, 5210
28, 52, 1988, 6810
29, 13, 2069, 4248
30, 36, 2133, 3284
31, 20, 2201, 5707
32, 3, 2258, 6285
33, 3, 2321, 644
34, 6, 2400, 6687
35, 60, 2466, 5129
36, 14, 2523, 467
37, 16, 2598, 3711
38, 60, 2674, 1374
39, 3, 2752, 6822
40, 27, 2813, 615
41, 35, 2882, 688
42, 34, 2964, 4528
43, 7, 3040, 5253
44, 39, 3099, 178
45, 34, 3174, 4315
46, 29, 3247, 5049
47, 23, 3307, 2721
48, 23, 3375, 3916
49, 33, 3444, 889
50, 40, 3530, 5460
51, 21, 3610, 1346
52, 31, 3981, 4391
53, 49, 4300, 6810
54, 39, 4594, 5642
55, 23, 4934, 6137
56, 11, 5289, 6524
57, 50, 5646, 5862
58, 49, 6031, 5440
59, 53, 6430, 6869
60, 54, 6731, 6216
61, 18, 7104, 5775
62, 39, 7500, 3389
63, 7, 7853, 403
64, 60, 8270, 2929
65, 58, 8653, 5426
66, 59, 9002, 6924
67, 32, 9351, 1942
68, 8, 9740, 1826
69, 52, 10135, 1224
70, 12, 10531, 5024
71, 26, 10850, 6718
72, 31, 11201, 193
73, 41, 11618, 460
74, 20, 12017, 5426
75, 45, 12412, 776
76, 25, 12748, 7158
77, 26, 13048, 6564
78, 19, 13357, 425
79, 28, 13736, 5703
80, 53, 14031, 780
81, 44, 14383, 2481
82, 59, 14694, 2570
83, 38, 15112, 5854
84, 43, 15535, 5204
85, 58, 15952, 1859
86, 10, 16250, 6880
87, 57, 16602, 7014
88, 42, 16984, 1742
89, 40, 17278, 4435
90, 56, 17676, 5069
91, 26, 18089, 1926
92, 6, 18452, 6083
93, 45, 18806, 3017
94, 43, 19201, 4133
95, 18, 19522, 2441
96, 35, 19884, 6429
97, 3, 20269, 2071
98, 13, 20607, 1551
99, 10, 20943, 3982
100, 48, 21283, 385
101, 39, 21574, 2092
102, 48, 21901, 4413
103, 27, 22099, 4149
104, 50, 22287, 6112
105, 60, 22466, 1188
106, 3, 22649, 4059
107, 30, 22831, 1058
108, 52, 22977, 4754
109, 59, 23160, 5201
110, 37, 23371, 2182
111, 31, 23515, 1242
112, 19, 23694, 460
113, 35, 23875, 2208
114, 12, 24041, 2307
115, 37, 24212, 4584
116, 49, 24367, 3980
117, 7, 24543, 718
118, 54, 24730, 4783
119, 22, 24946, 438
120, 38, 25153, 704
121, 51, 25349, 6155
122, 11, 25418, 3822
123, 7, 25479, 1204
124, 55, 25540, 4960
125, 43, 25600, 97
126, 21, 25668, 2778
127, 8, 25745, 6278
128, 12, 25808, 489
129, 49, 25882, 3328
130, 52, 25943, 5612
131, 11, 26015, 7029
132, 34, 26099, 6172
133, 16, 26185, 5921
134, 58, 26250, 2294
135, 31, 26312, 789
136, 51, 26393, 5847
137, 40, 26477, 813
138, 27, 26542, 3081
139, 50, 26603, 4269
140, 5, 26688, 1388
141, 6, 26750, 1241
142, 28, 26829, 1248
143, 22, 26907, 1864
144, 47, 26971, 2996
145, 19, 27033, 4965
146, 47, 27114, 6975
147, 33, 27200, 6844
148, 5, 27257, 1904
149, 56, 27321, 5374
150, 47, 27390, 3147
151, 47, 27452, 3471
152, 11, 27538, 7038
153, 13, 27597, 907
154, 35, 27675, 6076
155, 17, 27733, 4589
156, 44, 27819, 4405
157, 21, 27895, 759
158, 54, 27980, 5075
159, 16, 28044, 5537
160, 52, 28113, 331
161, 20, 28198, 5628
162, 26, 28283, 3045
163, 7, 28369, 5683
164, 31, 28448, 4123
165, 10, 28522, 1623
166, 35, 28592, 3474
167, 4, 28656, 1325
168, 41, 28717, 329
169, 18, 28777, 1495
170, 11, 28851, 6381
171, 23, 28887, 6114
172, 32, 28921, 5183
173, 37, 28956, 690
174, 59, 28989, 6357
175, 27, 29020, 721
176, 22, 29062, 3539
177, 11, 29103, 933
178, 17, 29144, 4242
179, 3, 29173, 5281
180, 4, 29202, 6169
181, 25, 29230, 1726
182, 45, 29264, 3843
183, 59, 29294, 6859
184, 46, 29326, 2427
185, 4, 29356, 3053
186, 42, 29385, 5821
187, 51, 29428, 734
188, 52, 29459, 5144
189, 46, 29489, 1887
190, 17, 29519, 1965
191, 14, 29556, 4421
192, 34, 29586, 2366
193, 5, 29623, 5331
194, 27, 29659, 431
195, 8, 29693, 1093
196, 11, 29727, 479
197, 3, 29760, 4610
198, 37, 29803, 5251
199, 44, 29835, 6012
200, 15, 29878, 1521
201, 38, 29908, 5160
202, 25, 29951, 1183
203, 47, 29991, 4830
204, 21, 30024, 1680
205, 56, 30060, 3779
206, 50, 30093, 4944
207, 27, 30135, 2234
208, 56, 30177, 186
209, 19, 30215, 4971
210, 14, 30246, 3576
211, 29, 30280, 5336
212, 10, 30319, 4690
213, 39, 30350, 1211
214, 7, 30379, 6956
215, 34, 30419, 3794
216, 25, 30448, 322
217, 58, 30486, 5323
218, 24, 30519, 274
219, 28, 30557, 3475
220, 5, 30595, 6670
221, 43, 30623, 5949
222, 19, 30665, 1125
223, 7, 30707, 7072
224, 10, 30741, 3910
225, 27, 30779, 5049
226, 54, 30818, 6062
227, 34, 30856, 3259
228, 28, 30897, 131
229, 18, 30934, 2325
230, 35, 30963, 5300
231, 21, 31001, 4925
232, 55, 31029, 495
233, 55, 31062, 1478
234, 3, 31093, 4119
235, 53, 31125, 2434
236, 6, 31155, 2578
237, 18, 31188, 675
238, 43, 31216, 4624
239, 36, 31251, 3133
240, 24, 31282, 6579
241, 60, 31318, 2077
242, 22, 31354, 3015
243, 22, 31390, 3034
244, 16, 31421, 36
245, 10, 31452, 1673
246, 44, 31489, 5707
247, 52, 31531, 262
248, 46, 31572, 1041
249, 52, 31603, 129
250, 59, 31642, 951
251, 19, 31680, 4796
252, 8, 31722, 3193
253, 31, 31764, 6079
254, 22, 31795, 6829
255, 40, 31830, 5236
256, 22, 31873, 4756
257, 58, 31906, 6126
258, 50, 31944, 4292
259, 15, 31982, 4437
260, 35, 32024, 3809
261, 42, 32058, 5355
262, 11, 32087, 5322
263, 47, 32121, 3454
264, 12, 32158, 6509
265, 52, 32188, 3632
266, 3, 32225, 3910
267, 15, 32256, 5246
268, 53, 32289, 1879
269, 17, 32322, 5068
270, 20, 32361, 6563
271, 24, 32395, 3636
272, 36, 32424, 3641
273, 31, 32444, 5361
274, 8, 32466, 2706
275, 6, 32494, 5439
276, 60, 32522, 412
277, 26, 32542, 4069
278, 50, 32565, 4306
279, 55, 32592, 3106
280, 52, 32615, 2621
281, 27, 32643, 99
282, 30, 32669, 3747
283, 7, 32692, 2494
284, 3, 32718, 882
285, 23, 32744, 1051
286, 57, 32766, 2700
287, 11, 32788, 775
288, 54, 32816, 5076
289, 12, 32843, 2492
290, 19, 32863, 609
291, 53, 32883, 832
292, 31, 32904, 1853
293, 29, 32925, 6326
294, 3, 32952, 4720
295, 57, 32977, 6422
296, 23, 33005, 3130
297, 51, 33029, 2473
298, 54, 33057, 7111
299, 6, 33085, 2690
300, 12, 33111, 5268
301, 16, 33134, 6157
302, 16, 33155, 3511
303, 21, 33175, 6622
304, 32, 33199, 2683
305, 54, 33223, 6726
306, 35, 33251, 6532
307, 4, 33271, 5797
308, 10, 33294, 2940
309, 54, 33322, 870
310, 8, 33345, 3714
311, 7, 33364, 4516
312, 7, 33390, 292
313, 15, 33412, 2411
314, 44, 33435, 1439
315, 52, 33459, 113
316, 47, 33478, 5368
317, 53, 33500, 1532
318, 14, 33525, 1872
319, 42, 33553, 3880
320, 15, 33573, 2056
321, 55, 33593, 5111
322, 31, 33620, 3312
323, 41, 33644, 2965
324, 36, 33671, 2650
325, 38, 33694, 4091
326, 11, 33714, 432
327, 10, 33740, 4675
328, 25, 33767, 6760
329, 53, 33786, 4132
330, 29, 33805, 5878
331, 39, 33833, 586
332, 27, 33854, 5547
333, 45, 33878, 2397
334, 10, 33904, 5195
335, 7, 33923, 1653
336, 23, 33946, 3280
337, 54, 33971, 6232
338, 23, 33994, 4098
339, 12, 34013, 2833
340, 49, 34038, 5715
341, 6, 34064, 2632
342, 47, 34085, 4994
343, 47, 34107, 3340
344, 12, 34131, 6617
345, 24, 34155, 1983
346, 23, 34175, 1957
347, 6, 34199, 4225
348, 40, 34222, 370
349, 28, 34249, 573
350, 45, 34271, 2874
351, 5, 34293, 5898
352, 35, 34312, 3572
353, 11, 34334, 5902
354, 39, 34361, 4808
355, 41, 34382, 733
356, 13, 34404, 6627
357, 14, 34431, 2388
358, 47, 34458, 3252
359, 11, 34477, 6322
360, 43, 34505, 571
361, 52, 34533, 3762
362, 3, 34553, 1259
363, 34, 34575, 625
364, 41, 34595, 2316
365, 19, 34614, 5874
366, 19, 34637, 1030
367, 8, 34660, 6334
368, 29, 34687, 4280
369, 55, 34711, 2609
370, 43, 34731, 4112
371, 15, 34752, 386
372, 26, 34777, 1257
373, 38, 34796, 3996
374, 53, 34818, 1910
375, 33, 34842, 4340
376, 43, 34864, 6403
377, 44, 34892, 3142
378, 23, 34911, 886
379, 59, 34939, 5996
380, 10, 34965, 1178
381, 35, 34984, 2452
382, 25, 35011, 3980
383, 26, 35036, 2669
384, 10, 35057, 4841
385, 6, 35083, 1163
386, 49, 35106, 4848
387, 15, 35133, 1391
388, 26, 35159, 2263
389, 42, 35180, 1109
390, 56, 35205, 669
391, 17, 35227, 1370
392, 54, 35249, 5366
393, 60, 35273, 1296
394, 25, 35294, 565
395, 55, 35313, 2650
396, 52, 35341, 5090
397, 24, 35363, 3403
398, 20, 35391, 4535
399, 47, 35411, 2412
400, 46, 35438, 2940
401, 31, 35466, 6869
402, 33, 35485, 5134
403, 57, 35507, 48
404, 58, 35531, 5967
405, 47, 35555, 2299
406, 26, 35574, 4513
407, 38, 35600, 514
408, 10, 35619, 3097
409, 25, 35645, 546
410, 24, 35666, 1664
411, 44, 35691, 4298
412, 50, 35711, 2768
413, 22, 35738, 1968
414, 46, 35759, 3997
415, 47, 35787, 7139
416, 35, 35814, 488
417, 41, 35839, 4683
418, 50, 35863, 2677
419, 27, 35888, 1252
420, 17, 35916, 2100
421, 24, 35942, 6106
422, 12, 35962, 877
423, 24, 35987, 5161
424, 48, 36010, 343
425, 52, 36024, 5067
426, 12, 36043, 453
427, 22, 36064, 3440
428, 39, 36083, 819
429, 49, 36097, 321
430, 36, 36114, 486
431, 30, 36134, 1857
432, 35, 36150, 1728
433, 32, 36169, 4952
434, 11, 36190, 7114
435, 36, 36210, 1273
436, 25, 36230, 2329
437, 24, 36244, 359
438, 59, 36265, 2273
439, 26, 36283, 7192
440, 40, 36304, 2930
441, 3, 36325, 5802
442, 31, 36344, 3890
443, 24, 36362, 4376
444, 50, 36379, 557
445, 29, 36396, 4820
446, 8, 36416, 4841
447, 4, 36434, 7137
448, 16, 36451, 2665
449, 31, 36467, 2857
450, 14, 36482, 6718
451, 39, 36502, 1308
452, 37, 36520, 3415
453, 53, 36540, 715
454, 48, 36554, 2731
455, 35, 36574, 715
456, 13, 36593, 4555
457, 12, 36611, 6827
458, 54, 36628, 900
459, 44, 36644, 204
460, 24, 36661, 1440
461, 42, 36677, 1533
462, 38, 36691, 1650
463, 44, 36711, 4587
464, 21, 36731, 5233
465, 23, 36750, 4362
466, 51, 36765, 4059
467, 26, 36780, 1947
468, 60, 36799, 4700
469, 52, 36814, 6129
470, 6, 36828, 6392
471, 5, 36846, 4012
472, 33, 36861, 6593
473, 39, 36882, 2681
474, 29, 36898, 2852
475, 12, 36918, 538
476, 14, 36939, 2957
477, 10, 36953, 1467
478, 49, 36970, 4993
479, 37, 36987, 1306
480, 5, 37006, 375
481, 12, 37020, 7066
482, 56, 37036, 5651
483, 3, 37050, 940
484, 40, 37064, 3193
485, 25, 37084, 6643
486, 39, 37098, 5773
487, 53, 37114, 4750
488, 52, 37128, 1399
489, 8, 37145, 3334
490, 15, 37165, 3722
491, 58, 37186, 6076
492, 37, 37205, 5134
493, 39, 37223, 3136
494, 9, 37238, 592
495, 60, 37253, 5463
496, 56, 37268, 4125
497, 42, 37286, 5201
498, 22, 37307, 3452
499, 11, 37322, 6266
500, 60, 37336, 5698
501, 50, 37352, 1383
502, 32, 37373, 622
503, 25, 37392, 640
504, 16, 37409, 6091
505, 44, 37430, 6134
506, 49, 37447, 4002
507, 52, 37467, 885
508, 28, 37481, 2389
509, 7, 37502, 4542
510, 9, 37521, 5565
511, 56, 37540, 2587
512, 20, 37560, 364
513, 11, 37581, 5002
514, 13, 37599, 5314
515, 32, 37615, 2309
516, 43, 37630, 6605
517, 41, 37650, 1565
518, 4, 37669, 1660
519, 49, 37683, 496
520, 24, 37698, 1004
521, 19, 37715, 157
522, 14, 37733, 1639
523, 40, 37750, 3740
524, 4, 37768, 995
525, 43, 37788, 6834
526, 58, 37807, 4174
527, 14, 37823, 4343
528, 18, 37839, 5309
529, 35, 37856, 331
530, 25, 37876, 4887
531, 58, 37891, 1121
532, 27, 37906, 2135
533, 54, 37921, 2550
534, 34, 37940, 6842
535, 44, 37954, 5632
536, 42, 37971, 5458
537, 12, 37986, 4215
538, 57, 38001, 1625
539, 22, 38018, 6921
540, 11, 38033, 3561
541, 44, 38053, 2205
542, 58, 38067, 2384
543, 45, 38082, 1301
544, 50, 38102, 3082
545, 32, 38116, 4124
546, 20, 38137, 4757
547, 28, 38154, 1527
548, 10, 38169, 4887
549, 24, 38187, 2984
550, 7, 38203, 5468
551, 5, 38217, 1713
552, 56, 38234, 1542
553, 12, 38248, 2622
554, 24, 38268, 4302
555, 28, 38283, 3813
556, 59, 38298, 433
557, 7, 38314, 479
558, 53, 38333, 2753
559, 52, 38349, 1918
560, 29, 38363, 1890
561, 38, 38377, 1390
562, 24, 38397, 4975
563, 46, 38413, 4363
564, 53, 38431, 6397
565, 27, 38449, 2391
566, 54, 38464, 5432
567, 36, 38478, 3006
568, 47, 38498, 5017
569, 42, 38519, 1174
570, 42, 38537, 394
571, 42, 38554, 975
572, 28, 38572, 1283
573, 42, 38591, 1921
574, 24, 38610, 4837
575, 13, 38627, 4195
576, 48, 38647, 1211
577, 42, 38667, 1577
578, 52, 38682, 3476
579, 46, 38700, 3297
580, 29, 38719, 1414
581, 8, 38736, 5883
582, 19, 38752, 6840
583, 24, 38770, 5955
584, 38, 38790, 3720
585, 43, 38804, 2203
586, 14, 38822, 5188
587, 8, 38841, 3516
588, 11, 38859, 3314
589, 34, 38880, 2924
590, 35, 38895, 1479
591, 40, 38910, 5788
592, 48, 38931, 5702
593, 28, 38948, 5028
594, 32, 38966, 1810
595, 23, 38984, 7011
596, 19, 39002, 3450
597, 36, 39020, 3494
598, 20, 39034, 618
599, 37, 39051, 5572
600, 8, 39068, 5888
601, 35, 39087, 3350
602, 8, 39107, 3666
603, 32, 39126, 6499
604, 26, 39145, 2353
605, 31, 39161, 4992
606, 28, 39180, 1500
607, 27, 39197, 5726
608, 47, 39212, 2702
609, 34, 39229, 817
610, 37, 39248, 1425
611, 43, 39268, 2289
612, 56, 39284, 1426
613, 23, 39301, 3635
614, 31, 39317, 2450
615, 14, 39337, 2829
616, 59, 39356, 4242
617, 28, 39373, 376
618, 42, 39391, 486
619, 19, 39412, 4666
620, 37, 39433, 1580
621, 5, 39453, 5078
622, 23, 39468, 6806
623, 23, 39489, 6843
624, 28, 39506, 169
625, 23, 39524, 5424
626, 34, 39540, 615
627, 30, 39556, 2266
628, 5, 39572, 171
629, 30, 39588, 2972
630, 20, 39608, 3980
631, 52, 39622, 1642
632, 14, 39636, 4454
633, 36, 39657, 2521
634, 59, 39677, 2346
635, 8, 39695, 2472
636, 54, 39714, 4158
637, 50, 39732, 2968
638, 8, 39752, 1175
639, 29, 39769, 3254
640, 27, 39788, 1089
641, 45, 39805, 3344
642, 50, 39826, 489
643, 57, 39842, 2275
644, 59, 39862, 3622
645, 58, 39876, 3915
646, 51, 39895, 3801
647, 34, 39916, 5676
648, 18, 39930, 3858
649, 44, 39951, 6560
650, 46, 39969, 843
651, 40, 39989, 6790
652, 35, 40006, 4985
653, 22, 40022, 2836
654, 56, 40042, 2375
655, 55, 40057, 4315
656, 41, 40077, 2175
657, 14, 40093, 2476
658, 53, 40112, 6138
659, 55, 40129, 3856
660, 37, 40144, 3039
661, 12, 40158, 221
662, 37, 40172, 3474
663, 58, 40188, 4849
664, 23, 40207, 5366
665, 6, 40227, 3383
666, 26, 40244, 6131
667, 51, 40258, 7151
668, 54, 40277, 6935
669, 12, 40293, 4945
670, 42, 40313, 4384
671, 23, 40329, 4870
672, 16, 40349, 5932
673, 6, 40366, 389
674, 49, 40386, 1792
675, 3, 40402, 5909
676, 51, 40420, 5354
677, 17, 40435, 3421
678, 6, 40453, 476
679, 30, 40471, 2414
680, 56, 40489, 6724
681, 47, 40506, 204
682, 53, 40525, 5414
683, 26, 40546, 1768
684, 26, 40562, 5389
685, 14, 40578, 5275
686, 39, 40595, 3506
687, 6, 40612, 1633
688, 9, 40633, 5525
689, 25, 40649, 2441
690, 15, 40664, 6376
691, 44, 40681, 2712
692, 18, 40701, 4332
693, 59, 40720, 6752
694, 24, 40737, 6101
695, 44, 40754, 2452
696, 14, 40769, 4365
697, 47, 40789, 5724
698, 6, 40808, 5249
699, 31, 40829, 5688
700, 4, 40844, 5774
701, 46, 40862, 6990
702, 27, 40881, 3296
703, 14, 40900, 6277
704, 35, 40914, 3699
705, 26, 40933, 300
706, 23, 40954, 1344
707, 55, 40974, 5583
708, 7, 40995, 3786
709, 50, 41012, 366
710, 27, 41027, 6445
711, 41, 41044, 3535
712, 35, 41060, 2352
713, 10, 41078, 5510
714, 38, 41097, 6491
715, 18, 41113, 5727
716, 55, 41134, 2458
717, 60, 41154, 4957
718, 31, 41168, 4569
719, 7, 41182, 3187
720, 51, 41203, 1381
721, 34, 41220, 6503
722, 11, 41238, 5891
723, 49, 41253, 1924
724, 25, 41270, 4653
725, 4, 41290, 5469
726, 17, 41311, 3947
727, 25, 41325, 4334
728, 47, 41345, 4866
729, 55, 41366, 4166
730, 50, 41383, 4827
731, 49, 41403, 3442
732, 23, 41424, 3809
733, 43, 41445, 2629
734, 21, 41466, 5642
735, 7, 41486, 4137
736, 30, 41500, 1407
737, 4, 41515, 3327
738, 22, 41530, 6711
739, 6, 41549, 5495
740, 13, 41563, 6304
741, 24, 41578, 3726
742, 26, 41596, 278
743, 21, 41610, 6484
744, 33, 41624, 1867
745, 6, 41642, 3212
746, 59, 41659, 5526
747, 17, 41676, 5723
748, 43, 41697, 4721
749, 40, 41715, 1074
750, 29, 41732, 4650
751, 50, 41746, 3612
752, 52, 41767, 2088
753, 18, 41781, 4047
754, 52, 41797, 6125
755, 52, 41811, 3755
756, 41, 41830, 4596
757, 55, 41845, 1962
758, 55, 41866, 2448
759, 43, 41886, 3352
760, 23, 41901, 6205
761, 59, 41917, 6861
762, 29, 41931, 1644
763, 12, 41951, 150
764, 53, 41968, 4458
765, 17, 41982, 1829
766, 18, 42003, 6639
767, 50, 42024, 5551
768, 54, 42044, 1561
769, 16, 42061, 5946
770, 10, 42081, 5534
771, 15, 42097, 6980
772, 42, 42113, 3923
773, 34, 42130, 1978
774, 35, 42151, 5863
775, 39, 42169, 485
776, 51, 42184, 1472
777, 24, 42203, 393
778, 9, 42222, 6099
779, 38, 42237, 1471
780, 4, 42252, 4400
781, 58, 42269, 3469
782, 3, 42285, 5361
783, 30, 42303, 2019
784, 32, 42320, 199
785, 47, 42334, 1337
786, 47, 42353, 320
787, 37, 42368, 2639
788, 13, 42385, 3709
789, 49, 42403, 5120
790, 4, 42424, 4792
791, 15, 42444, 5740
792, 23, 42461, 4547
793, 59, 42476, 5418
794, 60, 42494, 7073
795, 18, 42511, 420
796, 19, 42531, 2067
797, 37, 42551, 7077
798, 17, 42570, 6278
799, 25, 42591, 4175
800, 3, 42609, 4624
801, 36, 42623, 690
802, 49, 42638, 6942
803, 22, 42656, 6851
804, 60, 42671, 1994
805, 36, 42685, 3443
806, 13, 42701, 5081
807, 57, 42721, 845
808, 51, 42735, 6539
809, 36, 42753, 2309
810, 23, 42773, 4966
811, 29, 42792, 4427
812, 23, 42812, 3598
813, 15, 42830, 5030
814, 45, 42849, 3235
815, 42, 42863, 240
816, 34, 42878, 3729
817, 44, 42896, 3974
818, 3, 42914, 2431
819, 26, 42928, 6844
820, 33, 42943, 5914
821, 58, 42963, 1508
822, 40, 42984, 1196
823, 21, 42999, 1041
824, 51, 43015, 3057
825, 60, 43031, 1299
826, 11, 43052, 1571
827, 43, 43066, 3906
828, 47, 43080, 3896
829, 23, 43100, 3789
830, 12, 43120, 6054
831, 50, 43135, 4328
832, 24, 43153, 5460
833, 45, 43171, 5870
834, 24, 43188, 462
835, 36, 43209, 1943
836, 17, 43228, 591
837, 29, 43255, 73
838, 55, 43282, 2776
839, 10, 43309, 6968
840, 44, 43331, 1848
841, 13, 43354, 2959
842, 30, 43375, 4092
843, 31, 43396, 2873
844, 11, 43420, 1726
845, 45, 43445, 249
846, 33, 43468, 7172
847, 26, 43491, 2177
848, 28, 43517, 871
849, 29, 43545, 4375
850, 10, 43565, 4383
851, 15, 43587, 2117
852, 54, 43612, 5389
853, 56, 43639, 1471
854, 49, 43660, 5200
855, 59, 43688, 3429
856, 11, 43712, 6847
857, 51, 43740, 4415
858, 8, 43767, 3250
859, 59, 43791, 1914
860, 25, 43819, 6719
861, 35, 43839, 3483
862, 9, 43863, 3314
863, 33, 43883, 2077
864, 47, 43907, 7013
865, 39, 43932, 4678
866, 22, 43955, 1856
867, 19, 43979, 817
868, 42, 44003, 4624
869, 54, 44026, 215
870, 21, 44046, 2177
871, 5, 44065, 2628
872, 3, 44090, 4012
873, 50, 44112, 6909
874, 6, 44131, 63
875, 20, 44156, 6516
876, 19, 44178, 900
877, 21, 44197, 1206
878, 37, 44219, 2222
879, 43, 44247, 5371
880, 29, 44275, 3075
881, 35, 44294, 4989
882, 11, 44321, 5266
883, 25, 44340, 339
884, 24, 44360, 4904
885, 15, 44381, 1548
886, 10, 44406, 4223
887, 11, 44434, 2798
888, 6, 44458, 943
889, 57, 44480, 90
890, 13, 44508, 124
891, 57, 44535, 1253
892, 34, 44562, 5356
893, 52, 44587, 6379
894, 31, 44614, 6508
895, 36, 44633, 5528
896, 25, 44655, 3953
897, 42, 44680, 6538
898, 9, 44700, 5385
899, 31, 44727, 3429
900, 17, 44749, 807
901, 8, 44771, 1789
902, 44, 44791, 4485
903, 8, 44817, 1718
904, 3, 44842, 4469
905, 33, 44861, 5095
906, 3, 44887, 6163
907, 40, 44915, 4633
908, 20, 44937, 6320
909, 35, 44959, 2975
910, 60, 44981, 3589
911, 39, 45005, 3577
912, 59, 45032, 2073
913, 54, 45051, 6473
914, 58, 45073, 2520
915, 55, 45097, 1546
916, 18, 45121, 1374
917, 32, 45145, 5684
918, 40, 45168, 3877
919, 8, 45189, 517
920, 26, 45216, 5964
921, 13, 45242, 6300
922, 56, 45266, 6483
923, 53, 45292, 5585
924, 30, 45313, 2650
925, 27, 45334, 6012
926, 33, 45356, 3742
927, 36, 45378, 3098
928, 20, 45399, 4698
929, 16, 45422, 4571
930, 57, 45443, 7022
931, 51, 45468, 6612
932, 10, 45491, 2428
933, 50, 45513, 5437
934, 48, 45532, 6617
935, 24, 45553, 2737
936, 9, 45577, 1584
937, 58, 45603, 3709
938, 43, 45626, 3638
939, 31, 45646, 3651
940, 9, 45674, 2258
941, 22, 45696, 1285
942, 45, 45719, 3948
943, 17, 45741, 5932
944, 22, 45762, 4033
945, 8, 45789, 3695
946, 7, 45815, 1729
947, 3, 45842, 5132
948, 54, 45862, 3934
949, 49, 45890, 333
950, 34, 45911, 1218
951, 23, 45937, 6450
952, 45, 45964, 3460
953, 5, 45983, 6501
954, 28, 46003, 1571
955, 36, 46025, 6535
956, 54, 46045, 1057
957, 47, 46069, 1823
958, 28, 46097, 6815
959, 58, 46122, 4220
960, 19, 46141, 4764
961, 45, 46160, 1010
962, 17, 46179, 565
963, 39, 46199, 2324
964, 58, 46222, 26
965, 59, 46243, 595
966, 27, 46265, 5999
967, 40, 46291, 3068
968, 57, 46319, 1477
969, 13, 46344, 4436
970, 39, 46363, 4289
971, 30, 46385, 4123
972, 4, 46408, 1208
973, 28, 46427, 6021
974, 43, 46449, 3671
975, 43, 46468, 5396
976, 11, 46495, 2153
977, 20, 46522, 6731
978, 59, 46546, 3570
979, 58, 46570, 3447
980, 5, 46598, 340
981, 54, 46618, 1236
982, 21, 46637, 6992
983, 53, 46663, 6086
984, 22, 46686, 207
985, 59, 46711, 3938
986, 3, 46730, 6981
987, 51, 46750, 6714
988, 56, 46770, 6249
989, 35, 46795, 5230
990, 39, 46815, 1699
991, 49, 46857, 5264
992, 59, 46886, 6979
993, 24, 46929, 650
994, 7, 46958, 5477
995, 26, 46989, 950
996, 48, 47021, 6830
997, 32, 47052, 2324
998, 24, 47081, 1560
999, 36, 47113, 6306
1000, 8, 47145, 2502
1001, 31, 47177, 3860
1002, 33, 47211, 6984
1003, 51, 47251, 91
1004, 19, 47287, 4400
1005, 25, 47327, 5332
1006, 19, 47365, 4496
1007, 28, 47408, 866
1008, 47, 47443, 4320
1009, 51, 47481, 4150
1010, 60, 47512, 3775
1011, 27, 47550, 4661
1012, 58, 47591, 3643
1013, 36, 47626, 1841
1014, 44, 47660, 876
1015, 55, 47694, 102
1016, 14, 47729, 6674
1017, 54, 47762, 4537
1018, 10, 47803, 3807
1019, 30, 47835, 5702
1020, 39, 47871, 5344
1021, 26, 47899, 5671
1022, 54, 47936, 6313
1023, 34, 47968, 2175
1024, 41, 48001, 6913
1025, 47, 48033, 1938
1026, 7, 48066, 4998
1027, 10, 48094, 4618
1028, 26, 48122, 301
1029, 40, 48153, 4649
1030, 12, 48187, 549
1031, 33, 48219, 4050
1032, 15, 48248, 5019
1033, 45, 48276, 5559
1034, 4, 48304, 284
1035, 19, 48346, 371
1036, 34, 48374, 2031
1037, 30, 48407, 4711
1038, 20, 48437, 6258
1039, 4, 48479, 4711
1040, 38, 48513, 3531
1041, 17, 48550, 1101
1042, 46, 48582, 4033
1043, 51, 48623, 51
1044, 38, 48664, 396
1045, 25, 48703, 4828
1046, 4, 48745, 345
1047, 27, 48786, 2535
1048, 10, 48821, 1031
1049, 49, 48861, 1488
1050, 14, 48904, 441
1051, 28, 48936, 723
1052, 31, 48974, 753
1053, 13, 49016, 1307
1054, 31, 49058, 5431
1055, 48, 49093, 238
1056, 23, 49128, 5000
1057, 4, 49169, 6074
1058, 51, 49207, 1015
1059, 42, 49246, 6912
1060, 44, 49283, 5413
1061, 39, 49312, 3000
1062, 32, 49343, 4667
1063, 52, 49380, 6579
1064, 40, 49410, 347
1065, 18, 49448, 2199
1066, 52, 49485, 5846
1067, 7, 49528, 1590
1068, 60, 49561, 6319
1069, 46, 49600, 1738
1070, 54, 49642, 4293
1071, 34, 49674, 2278
1072, 32, 49710, 7074
1073, 17, 49747, 3150
1074, 47, 49788, 3902
1075, 12, 49826, 1818
1076, 23, 49866, 2558
1077, 54, 49898, 2640
1078, 22, 49941, 4578
1079, 39, 49972, 4663
1080, 22, 50003, 6729
1081, 36, 50042, 2750
1082, 34, 50072, 2583
1083, 59, 50111, 2137
1084, 36, 50145, 2844
1085, 51, 50177, 1626
1086, 22, 50206, 5918
1087, 34, 50239, 6806
1088, 4, 50269, 3577
1089, 32, 50311, 4995
1090, 54, 50344, 2564
1091, 16, 50377, 7036
1092, 37, 50407, 1544
1093, 32, 50445, 5430
1094, 5, 50478, 1863
1095, 24, 50514, 6210
1096, 23, 50556, 2830
1097, 4, 50598, 6672
1098, 10, 50641, 83
1099, 53, 50677, 2699
1100, 23, 50718, 5719
1101, 11, 50761, 2349
1102, 3, 50801, 272
1103, 22, 50842, 1726
1104, 11, 50874, 898
1105, 43, 50909, 6932
1106, 4, 50938, 3416
1107, 43, 50972, 412
1108, 42, 51003, 5329
1109, 23, 51031, 6183
1110, 50, 51074, 1862
1111, 39, 51105, 2261
1112, 35, 51140, 2383
1113, 19, 51178, 2754
1114, 55, 51219, 1188
1115, 18, 51257, 4704
1116, 20, 51292, 3490
1117, 15, 51321, 3897
1118, 6, 51350, 6514
1119, 23, 51389, 2146
1120, 57, 51425, 4071
1121, 51, 51456, 3330
1122, 40, 51496, 6064
1123, 15, 51532, 4944
1124, 50, 51567, 6491
1125, 9, 51601, 2693
1126, 37, 51639, 5155
1127, 50, 51676, 1828
1128, 34, 51709, 3400
1129, 36, 51746, 4577
1130, 55, 51775, 2671
1131, 35, 51803, 1626
1132, 16, 51846, 6321
1133, 19, 51889, 6455
1134, 26, 51928, 5370
1135, 60, 51965, 2341
1136, 42, 52005, 7187
1137, 16, 52047, 1786
1138, 44, 52084, 3303
1139, 25, 52113, 3768
1140, 37, 52156, 5810
1141, 39, 52189, 2153
1142, 50, 52217, 5215
1143, 12, 52258, 2797
1144, 20, 52296, 3359
1145, 59, 52327, 4460
1146, 20, 52367, 3235
1147, 10, 52399, 3560
1148, 21, 52428, 6973
1149, 59, 52463, 620
1150, 44, 52494, 3152
1151, 9, 52526, 1227
1152, 47, 52558, 6917
1153, 55, 52598, 7098
1154, 3, 52628, 6652
1155, 9, 52662, 1254
1156, 38, 52704, 249
1157, 38, 52739, 3126
1158, 11, 52780, 6995
1159, 35, 52815, 3006
1160, 19, 52856, 86
1161, 6, 52891, 4350
1162, 25, 52919, 5789
1163, 8, 52962, 2361
1164, 23, 53004, 1192
1165, 12, 53042, 3969
1166, 35, 53072, 6222
1167, 9, 53109, 5752
1168, 16, 53145, 3491
1169, 46, 53184, 5958
1170, 43, 53220, 3738
1171, 56, 53257, 6776
1172, 44, 53287, 139
1173, 42, 53330, 5184
1174, 56, 53370, 5343
1175, 43, 53409, 4382
1176, 33, 53442, 755
1177, 42, 53479, 5879
1178, 10, 53518, 2419
1179, 23, 53552, 6808
1180, 49, 53589, 3376
1181, 53, 53621, 820
1182, 59, 53649, 493
1183, 42, 53682, 5777
1184, 31, 53719, 2769
1185, 35, 53760, 6934
1186, 35, 53802, 6112
1187, 32, 53834, 571
1188, 18, 53877, 4757
1189, 56, 53914, 948
1190, 31, 53957, 727
1191, 7, 53992, 222
1192, 38, 54035, 5445
1193, 6, 54055, 6649
1194, 13, 54082, 2010
1195, 13, 54105, 5901
1196, 18, 54130, 7089
1197, 57, 54154, 1908
1198, 24, 54180, 4070
1199, 11, 54208, 660
1200, 40, 54233, 1869
1201, 51, 54256, 1277
1202, 35, 54278, 4854
1203, 60, 54300, 1519
1204, 38, 54325, 1204
1205, 32, 54349, 3578
1206, 51, 54368, 920
1207, 39, 54393, 2653
1208, 47, 54417, 2687
1209, 22, 54437, 4644
1210, 14, 54459, 3879
1211, 60, 54487, 3209
1212, 26, 54508, 3788
1213, 40, 54531, 3285
1214, 11, 54552, 2114
1215, 18, 54575, 6454
1216, 55, 54603, 4448
1217, 52, 54626, 2075
1218, 8, 54647, 2880
1219, 27, 54673, 4565
1220, 18, 54696, 4203
1221, 42, 54720, 2666
1222, 16, 54739, 5083
1223, 21, 54762, 921
1224, 44, 54789, 5079
1225, 23, 54812, 5267
1226, 43, 54836, 5228
1227, 27, 54861, 3060
1228, 52, 54886, 3229
1229, 37, 54906, 7168
1230, 57, 54930, 1212
1231, 15, 54953, 4717
1232, 9, 54973, 4617
1233, 6, 54997, 5847
1234, 52, 55022, 3370
1235, 12, 55041, 1622
1236, 8, 55062, 6293
1237, 52, 55083, 785
1238, 20, 55103, 1883
1239, 9, 55124, 1949
1240, 58, 55146, 188
1241, 59, 55174, 5396
1242, 46, 55199, 1722
1243, 14, 55219, 3964
1244, 53, 55242, 3675
1245, 46, 55265, 1591
1246, 17, 55287, 1092
1247, 21, 55309, 4890
1248, 4, 55331, 3570
1249, 16, 55359, 6153
1250, 40, 55380, 918
1251, 49, 55406, 178
1252, 43, 55427, 5794
1253, 38, 55451, 6288
1254, 10, 55477, 4761
1255, 29, 55497, 4140
1256, 55, 55516, 5721
1257, 51, 55540, 3348
1258, 27, 55565, 4647
1259, 12, 55584, 1346
1260, 22, 55609, 6644
1261, 57, 55629, 6283
1262, 44, 55648, 35
1263, 20, 55676, 3991
1264, 29, 55699, 5277
1265, 32, 55724, 712
1266, 54, 55743, 1247
1267, 45, 55771, 6128
1268, 53, 55799, 2037
1269, 20, 55824, 1478
1270, 48, 55848, 3133
1271, 51, 55870, 6739
1272, 27, 55890, 6487
1273, 56, 55913, 5514
1274, 22, 55935, 6449
1275, 14, 55958, 6018
1276, 23, 55983, 3076
1277, 22, 56009, 4047
1278, 28, 56028, 1018
1279, 32, 56054, 224
1280, 22, 56079, 3510
1281, 41, 56100, 2313
1282, 27, 56123, 214
1283, 37, 56147, 1489
1284, 37, 56166, 6067
1285, 53, 56186, 2087
1286, 14, 56210, 1865
1287, 52, 56238, 4350
1288, 19, 56260, 6543
1289, 31, 56285, 5537
1290, 5, 56313, 2967
1291, 18, 56338, 4653
1292, 50, 56363, 3131
1293, 45, 56386, 7120
1294, 42, 56405, 964
1295, 50, 56428, 5132
1296, 14, 56449, 1776
1297, 16, 56469, 302
1298, 50, 56494, 6112
1299, 24, 56521, 47
1300, 7, 56542, 1535
1301, 6, 56564, 513
1302, 12, 56592, 4295
1303, 56, 56620, 2693
1304, 58, 56641, 6299
1305, 33, 56664, 1675
1306, 26, 56685, 1929
1307, 34, 56704, 1974
1308, 5, 56728, 5541
1309, 60, 56747, 36
1310, 47, 56768, 1606
1311, 42, 56793, 5816
1312, 34, 56820, 783
1313, 59, 56847, 1496
1314, 27, 56875, 2948
1315, 55, 56903, 5328
1316, 46, 56926, 5791
1317, 60, 56947, 3962
1318, 43, 56975, 5209
1319, 29, 56995, 2264
1320, 12, 57017, 3025
1321, 55, 57039, 1460
1322, 27, 57058, 5014
1323, 52, 57077, 452
1324, 48, 57098, 1061
1325, 43, 57117, 7055
1326, 42, 57137, 3597
1327, 35, 57159, 2539
1328, 30, 57184, 3380
1329, 58, 57211, 511
1330, 41, 57238, 2852
1331, 36, 57265, 745
1332, 29, 57290, 126
1333, 39, 57311, 920
1334, 44, 57335, 5513
1335, 7, 57363, 4305
1336, 57, 57382, 835
1337, 47, 57408, 7035
1338, 17, 57436, 2360
1339, 52, 57462, 7014
1340, 47, 57484, 2962
1341, 5, 57511, 5864
1342, 15, 57536, 4595
1343, 20, 57559, 4271
1344, 40, 57587, 2545
1345, 35, 57606, 260
1346, 19, 57627, 7028
1347, 44, 57648, 6550
1348, 30, 57673, 1059
1349, 17, 57698, 664
1350, 39, 57726, 6277
1351, 54, 57748, 3941
1352, 21, 57771, 1837
1353, 30, 57790, 4220
1354, 57, 57813, 3481
1355, 41, 57834, 7134
1356, 22, 57853, 2497
1357, 40, 57877, 3621
1358, 41, 57899, 1529
1359, 37, 57920, 98
1360, 42, 57945, 4281
1361, 59, 57967, 506
1362, 33, 57994, 4405
1363, 21, 58019, 3083
1364, 60, 58043, 1600
1365, 47, 58069, 2083
1366, 32, 58092, 2257
1367, 47, 58112, 4397
1368, 51, 58131, 4208
1369, 5, 58154, 6994
1370, 56, 58179, 4332
1371, 7, 58201, 3171
1372, 58, 58224, 4612
1373, 48, 58244, 600
1374, 12, 58263, 5762
1375, 23, 58284, 3623
1376, 36, 58312, 780
1377, 27, 58334, 3580
1378, 3, 58356, 6539
1379, 42, 58377, 2413
1380, 3, 58401, 3928
1381, 6, 58421, 3136
1382, 4, 58445, 2815
1383, 17, 58472, 417
1384, 60, 58492, 3659
1385, 11, 58511, 5032
1386, 22, 58537, 136
1387, 9, 58560, 6200
1388, 6, 58581, 1688
1389, 42, 58607, 3528
1390, 35, 58634, 5863
1391, 58, 58654, 631
1392, 8, 58681, 5096
1393, 46, 58702, 4480
1394, 14, 58729, 2136
1395, 7, 58750, 3272
1396, 9, 58776, 1024
1397, 48, 58797, 707
1398, 52, 58820, 2352
1399, 8, 58845, 3696
1400, 55, 58872, 248
1401, 58, 58895, 5906
1402, 59, 58919, 961
1403, 37, 58946, 3249
1404, 60, 58973, 1157
1405, 20, 58999, 7055
1406, 18, 59025, 7063
1407, 54, 59045, 710
1408, 55, 59064, 7140
1409, 9, 59086, 6730
1410, 44, 59113, 182
1411, 55, 59137, 2491
1412, 36, 59163, 482
1413, 24, 59189, 282
1414, 43, 59211, 4778
1415, 42, 59231, 1711
1416, 17, 59259, 4550
1417, 24, 59287, 4826
1418, 4, 59314, 6157
1419, 24, 59336, 4230
1420, 20, 59362, 930
1421, 23, 59382, 990
1422, 17, 59402, 2014
1423, 3, 59428, 3165
1424, 27, 59451, 1904
1425, 14, 59477, 2288
1426, 3, 59504, 5240
1427, 3, 59527, 4809
1428, 9, 59549, 2206
1429, 45, 59569, 2372
1430, 58, 59597, 3847
1431, 40, 59620, 554
1432, 13, 59640, 2319
1433, 29, 59662, 282
1434, 47, 59684, 1523
1435, 56, 59708, 743
1436, 15, 59736, 1040
1437, 37, 59761, 6383
1438, 49, 59781, 6317
1439, 19, 59802, 1791
1440, 28, 59822, 374
1441, 60, 59841, 4502
1442, 27, 59861, 3159
1443, 35, 59886, 6833
1444, 18, 59911, 1329
1445, 39, 59931, 3393
1446, 22, 59951, 6933
1447, 19, 59970, 5776
1448, 30, 59993, 7166
1449, 44, 60015, 2984
1450, 19, 60035, 98
1451, 27, 60063, 6050
1452, 32, 60083, 2234
1453, 4, 60106, 402
1454, 34, 60134, 5118
1455, 57, 60153, 358
1456, 7, 60177, 574
1457, 13, 60201, 3999
1458, 40, 60228, 383
1459, 17, 60255, 708
1460, 39, 60282, 3667
1461, 35, 60302, 1212
1462, 8, 60329, 2162
1463, 50, 60348, 4546
1464, 4, 60367, 3140
1465, 60, 60388, 5665
1466, 9, 60413, 3286
1467, 38, 60436, 6347
1468, 54, 60456, 4329
1469, 59, 60482, 6608
1470, 35, 60507, 5622
1471, 25, 60530, 3239
1472, 35, 60555, 2127
1473, 31, 60577, 5345
1474, 44, 60601, 2720
1475, 48, 60621, 5527
1476, 60, 60640, 2742
1477, 7, 60667, 5692
1478, 7, 60686, 2015
1479, 37, 60706, 580
1480, 32, 60734, 2255
1481, 47, 60756, 5769
1482, 54, 60778, 4139
1483, 40, 60800, 2819
1484, 46, 60823, 5057
1485, 42, 60846, 4626
1486, 16, 60866, 6449
1487, 29, 60891, 621
1488, 27, 60917, 5110
1489, 60, 60939, 6595
1490, 48, 60964, 1414
1491, 28, 60987, 3788
1492, 46, 61006, 7084
1493, 43, 61032, 3812
1494, 34, 61056, 6701
1495, 13, 61081, 2791
1496, 44, 61103, 1324
1497, 54, 61124, 5206
1498, 5, 61147, 5177
1499, 24, 61174, 1947
1500, 28, 61200, 6406
1501, 54, 61222, 1532
1502, 12, 61247, 3976
1503, 22, 61274, 3608
1504, 30, 61297, 203
1505, 10, 61320, 5812
1506, 22, 61342, 19
1507, 50, 61369, 4811
1508, 57, 61394, 3824
1509, 53, 61415, 1615
1510, 60, 61435, 4259
1511, 7, 61456, 4602
1512, 54, 61482, 5211
1513, 35, 61509, 6459
1514, 27, 61537, 6386
1515, 11, 61557, 1619
1516, 44, 61581, 3429
1517, 45, 61606, 4260
1518, 27, 61625, 1216
1519, 32, 61647, 2467
1520, 27, 61675, 4412
1521, 58, 61697, 3815
1522, 11, 61721, 2241
1523, 25, 61742, 166
1524, 55, 61765, 2971
1525, 25, 61787, 4624
1526, 44, 61812, 3974
1527, 55, 61837, 6232
1528, 5, 61863, 4374
1529, 53, 61890, 3561
1530, 37, 61914, 4937
1531, 17, 61938, 2273
1532, 37, 61958, 5166
1533, 14, 61983, 6447
1534, 59, 62005, 907
1535, 59, 62027, 5984
1536, 38, 62054, 6690
1537, 14, 62073, 3562
1538, 22, 62099, 5894
1539, 57, 62123, 6030
1540, 17, 62151, 2697
1541, 12, 62174, 1779
1542, 41, 62202, 4236
1543, 20, 62227, 3920
1544, 55, 62246, 2981
1545, 14, 62269, 4583
1546, 19, 62291, 266
1547, 43, 62317, 6999
1548, 40, 62337, 5179
1549, 44, 62356, 3065
1550, 34, 62377, 3305
1551, 18, 62402, 2166
1552, 41, 62422, 1376
1553, 27, 62445, 152
1554, 45, 62464, 3854
1555, 51, 62490, 1133
1556, 18, 62514, 3577
1557, 24, 62542, 5741
1558, 28, 62564, 1395
1559, 10, 62591, 6442
1560, 60, 62613, 2873
1561, 21, 62640, 6396
1562, 11, 62659, 4473
1563, 13, 62680, 4539
1564, 50, 62708, 2195
1565, 39, 62730, 557
1566, 19, 62749, 2236
1567, 53, 62776, 1299
1568, 4, 62796, 808
1569, 31, 62823, 4886
1570, 58, 62846, 1246
1571, 51, 62870, 7009
1572, 8, 62897, 1944
1573, 19, 62923, 452
1574, 17, 62942, 2888
1575, 31, 62965, 4188
1576, 50, 62990, 3083
1577, 48, 63013, 5169
1578, 21, 63040, 5538
1579, 18, 63064, 226
1580, 31, 63086, 5613
1581, 40, 63111, 1618
1582, 35, 63136, 6316
1583, 43, 63163, 4930
1584, 53, 63189, 734
1585, 60, 63210, 6888
1586, 42, 63237, 3442
1587, 54, 63265, 3361
1588, 36, 63289, 5747
1589, 50, 63310, 640
1590, 3, 63334, 6846
1591, 44, 63361, 4704
1592, 8, 63383, 2106
1593, 12, 63410, 1273
1594, 29, 63436, 3607
1595, 45, 63463, 6909
1596, 58, 63491, 4630
1597, 38, 63515, 3951
1598, 54, 63540, 6916
1599, 27, 63560, 6949
1600, 59, 63580, 5716
1601, 23, 63606, 713
1602, 57, 63633, 3228
1603, 51, 63653, 4790
1604, 22, 63679, 6783
1605, 30, 63702, 3403
1606, 48, 63722, 6007
1607, 58, 63745, 6732
1608, 34, 63767, 173
1609, 42, 63791, 1679
1610, 17, 63813, 5374
1611, 10, 63835, 1892
1612, 58, 63860, 3594
1613, 51, 63888, 4981
1614, 7, 63913, 1533
1615, 9, 63932, 6610
1616, 31, 63953, 6926
1617, 53, 63978, 6907
1618, 34, 63999, 3847
1619, 6, 64020, 6184
1620, 44, 64044, 5856
1621, 43, 64068, 4132
1622, 37, 64090, 2526
1623, 8, 64109, 2141
1624, 60, 64132, 7072
1625, 5, 64159, 3385
1626, 21, 64185, 6966
1627, 9, 64204, 5237
1628, 19, 64224, 5534
1629, 6, 64252, 3793
1630, 38, 64273, 6978
1631, 25, 64298, 4927
1632, 49, 64318, 139
1633, 22, 64337, 4234
1634, 44, 64364, 1032
1635, 32, 64384, 6476
1636, 44, 64412, 7030
1637, 29, 64434, 4098
1638, 30, 64458, 2949
1639, 51, 64483, 2435
1640, 9, 64505, 4684
1641, 17, 64531, 5276
1642, 35, 64559, 4935
1643, 25, 64581, 7119
1644, 29, 64603, 5889
1645, 13, 64629, 2256
1646, 5, 64657, 4875
1647, 12, 64683, 3639
1648, 50, 64708, 4953
1649, 53, 64734, 2238
1650, 49, 64753, 2803
1651, 35, 64780, 3125
1652, 21, 64799, 5916
1653, 3, 64825, 6126
1654, 49, 64852, 4277
1655, 54, 64872, 1841
1656, 11, 64892, 2775
1657, 48, 64913, 44
1658, 27, 64934, 116
1659, 23, 64959, 940
1660, 41, 64987, 6655
1661, 49, 65010, 6148
1662, 23, 65030, 536
1663, 10, 65051, 6368
1664, 43, 65070, 6332
1665, 7, 65097, 2235
1666, 56, 65122, 4745
1667, 17, 65148, 2075
1668, 40, 65167, 776
1669, 51, 65191, 2647
1670, 22, 65210, 3245
1671, 15, 65230, 2706
1672, 4, 65257, 3486
1673, 15, 65277, 5524
1674, 58, 65302, 2601
1675, 17, 65329, 4191
1676, 25, 65356, 5998
1677, 28, 65384, 437
1678, 42, 65410, 5908
1679, 22, 65433, 4758
1680, 23, 65460, 2612
1681, 27, 65481, 5823
1682, 7, 65505, 5073
1683, 13, 65532, 7148
1684, 36, 65555, 2810
1685, 31, 65574, 6895
1686, 44, 65597, 5025
1687, 18, 65625, 956
1688, 56, 65644, 1620
1689, 5, 65663, 4913
1690, 18, 65685, 5690
1691, 45, 65710, 5443
1692, 17, 65732, 6445
1693, 12, 65755, 2236
1694, 26, 65779, 32
1695, 3, 65799, 2880
1696, 26, 65822, 377
1697, 55, 65848, 1958
1698, 24, 65869, 2490
1699, 42, 65891, 4627
1700, 55, 65918, 6724
1701, 3, 65945, 773
1702, 54, 65968, 834
1703, 52, 65994, 5092
1704, 52, 66019, 307
1705, 16, 66047, 6702
1706, 32, 66066, 4630
1707, 32, 66092, 3732
1708, 59, 66116, 2169
1709, 22, 66141, 651
1710, 39, 66160, 5627
1711, 6, 66183, 5390
1712, 18, 66206, 2614
1713, 29, 66232, 7182
1714, 17, 66257, 7183
1715, 25, 66276, 3058
1716, 58, 66299, 2729
1717, 27, 66322, 3017
1718, 18, 66341, 527
1719, 19, 66368, 4726
1720, 31, 66394, 693
1721, 32, 66413, 4160
1722, 12, 66438, 1340
1723, 55, 66459, 723
1724, 38, 66483, 3596
1725, 5, 66510, 2476
1726, 60, 66529, 5890
1727, 23, 66555, 7015
1728, 25, 66575, 5105
1729, 38, 66600, 4679
1730, 28, 66623, 1826
1731, 13, 66647, 335
1732, 56, 66667, 4461
1733, 39, 66690, 1066
1734, 9, 66718, 4186
1735, 40, 66740, 4034
1736, 52, 66763, 669
1737, 56, 66785, 1409
1738, 15, 66811, 756
1739, 43, 66838, 2880
1740, 30, 66865, 5311
1741, 46, 66885, 2738
1742, 47, 66910, 6896
1743, 56, 66936, 2035
1744, 50, 66955, 4606
1745, 54, 66981, 3861
1746, 16, 67001, 6973
1747, 29, 67023, 3815
1748, 49, 67050, 5412
1749, 29, 67075, 6802
1750, 8, 67095, 5041
1751, 28, 67121, 1929
1752, 15, 67141, 6157
1753, 38, 67161, 5954
1754, 10, 67186, 2975
1755, 16, 67211, 2350
1756, 39, 67238, 4906
1757, 19, 67258, 235
1758, 15, 67285, 2923
1759, 57, 67311, 6003
1760, 31, 67334, 4340
1761, 21, 67360, 1134
1762, 51, 67379, 5839
1763, 12, 67401, 4824
1764, 20, 67427, 5756
1765, 39, 67451, 747
1766, 36, 67475, 7082
1767, 40, 67502, 16
1768, 52, 67521, 701
1769, 52, 67540, 2586
1770, 50, 67566, 638
1771, 12, 67592, 807
1772, 21, 67614, 4069
1773, 18, 67633, 5452
1774, 51, 67659, 220
1775, 45, 67686, 5189
1776, 18, 67705, 3170
1777, 9, 67726, 1749
1778, 59, 67746, 110
1779, 53, 67770, 1096
1780, 56, 67795, 3960
1781, 50, 67818, 2962
1782, 4, 67837, 1543
1783, 35, 67859, 5168
1784, 42, 67880, 3015
1785, 51, 67908, 5386
1786, 34, 67928, 5390
1787, 50, 67953, 2088
1788, 8, 67979, 7046
1789, 24, 68003, 4624
1790, 45, 68027, 4920
1791, 51, 68050, 2059
1792, 34, 68077, 2198
1793, 32, 68104, 4018
1794, 47, 68131, 5855
1795, 42, 68152, 3313
1796, 3, 68174, 1694
1797, 59, 68195, 4671
1798, 8, 68218, 4103
1799, 4, 68244, 853
1800, 22, 68265, 4982
1801, 60, 68288, 4168
1802, 26, 68307, 7059
1803, 30, 68328, 3692
1804, 4, 68354, 4198
1805, 26, 68378, 6854
1806, 28, 68403, 5010
1807, 52, 68444, 6407
1808, 32, 68472, 3642
1809, 35, 68509, 2209
1810, 25, 68539, 4681
1811, 11, 68576, 6405
1812, 49, 68607, 6532
1813, 24, 68649, 3655
1814, 18, 68680, 4222
1815, 37, 68716, 658
1816, 59, 68757, 5806
1817, 41, 68797, 5208
1818, 23, 68831, 1345
1819, 21, 68859, 2318
1820, 50, 68892, 5474
1821, 41, 68935, 3543
1822, 17, 68969, 5360
1823, 39, 69002, 896
1824, 49, 69045, 2430
1825, 40, 69074, 77
1826, 5, 69110, 2049
1827, 38, 69142, 5173
1828, 8, 69174, 1827
1829, 3, 69208, 4194
1830, 48, 69236, 4304
1831, 19, 69278, 5105
1832, 17, 69316, 1111
1833, 37, 69358, 1671
1834, 46, 69401, 6872
1835, 25, 69436, 4034
1836, 38, 69468, 3249
1837, 12, 69499, 992
1838, 31, 69533, 4086
1839, 60, 69564, 5577
1840, 16, 69594, 6247
1841, 60, 69634, 3917
1842, 10, 69677, 4074
1843, 45, 69709, 3519
1844, 17, 69743, 3617
1845, 58, 69783, 6401
1846, 28, 69821, 3169
1847, 8, 69864, 5383
1848, 5, 69904, 5294
1849, 24, 69938, 206
1850, 6, 69975, 5882
1851, 7, 70004, 6454
1852, 14, 70034, 6886
1853, 8, 70068, 4310
1854, 34, 70097, 6182
1855, 28, 70132, 3427
1856, 31, 70170, 4965
1857, 35, 70210, 3796
1858, 50, 70251, 1321
1859, 33, 70292, 5485
1860, 19, 70320, 2498
1861, 46, 70354, 6299
1862, 42, 70391, 181
1863, 4, 70434, 6579
1864, 56, 70463, 3162
1865, 41, 70498, 5527
1866, 52, 70538, 6280
1867, 22, 70567, 6744
1868, 49, 70603, 5101
1869, 22, 70633, 3244
1870, 41, 70671, 5688
1871, 4, 70704, 4228
1872, 45, 70733, 5249
1873, 53, 70767, 6544
1874, 60, 70808, 3556
1875, 50, 70851, 4820
1876, 36, 70883, 1748
1877, 60, 70924, 1842
1878, 19, 70954, 775
1879, 54, 70990, 1056
1880, 53, 71023, 2619
1881, 37, 71062, 2153
1882, 6, 71091, 3531
1883, 53, 71131, 1325
1884, 26, 71173, 1832
1885, 60, 71209, 834
1886, 43, 71247, 7157
1887, 6, 71276, 511
1888, 47, 71309, 2849
1889, 48, 71346, 393
1890, 4, 71386, 2189
1891, 11, 71414, 3166
1892, 48, 71451, 3328
1893, 26, 71492, 1841
1894, 14, 71528, 1882
1895, 56, 71568, 6817
1896, 23, 71604, 3686
1897, 13, 71639, 4978
1898, 41, 71681, 4740
1899, 20, 71712, 4577
1900, 33, 71740, 1949
1901, 24, 71778, 1690
1902, 51, 71819, 5588
1903, 4, 71851, 6492
1904, 51, 71894, 2788
1905, 46, 71927, 6595
1906, 58, 71964, 2485
1907, 12, 72003, 1520
1908, 29, 72033, 5949
1909, 48, 72065, 3233
1910, 41, 72099, 5677
1911, 6, 72136, 3896
1912, 15, 72167, 5327
1913, 6, 72207, 4772
1914, 5, 72246, 221
1915, 58, 72276, 4027
1916, 32, 72313, 6092
1917, 52, 72348, 6004
1918, 10, 72387, 3031
1919, 8, 72417, 2340
1920, 17, 72453, 6666
1921, 9, 72481, 2174
1922, 51, 72523, 6812
1923, 45, 72559, 5453
1924, 37, 72588, 5818
1925, 19, 72627, 2423
1926, 27, 72659, 2366
1927, 47, 72696, 4675
1928, 26, 72725, 2119
1929, 14, 72758, 2853
1930, 27, 72797, 3772
1931, 9, 72836, 791
1932, 53, 72864, 4663
1933, 39, 72899, 1748
1934, 20, 72938, 1709
1935, 35, 72979, 453
1936, 56, 73021, 4476
1937, 20, 73050, 5662
1938, 5, 73092, 2149
1939, 16, 73123, 6333
1940, 56, 73155, 6246
1941, 30, 73186, 7061
1942, 33, 73220, 5642
1943, 54, 73259, 5192
1944, 39, 73289, 1530
1945, 46, 73320, 2232
1946, 59, 73361, 6379
1947, 11, 73401, 6184
1948, 11, 73437, 5316
1949, 18, 73471, 2822
1950, 52, 73510, 2678
1951, 34, 73540, 1834
1952, 29, 73581, 3119
1953, 28, 73619, 5119
1954, 18, 73653, 971
1955, 40, 73693, 5909
1956, 48, 73721, 3161
1957, 43, 73753, 1135
1958, 3, 73788, 1302
1959, 48, 73831, 2002
1960, 22, 73862, 4767
1961, 51, 73898, 813
1962, 20, 73928, 2325
1963, 16, 73968, 3395
1964, 50, 73998, 2541
1965, 38, 74037, 535
1966, 53, 74076, 2250
1967, 13, 74110, 2198
1968, 59, 74139, 793
1969, 19, 74167, 5520
1970, 22, 74205, 1208
1971, 25, 74233, 5520
1972, 18, 74271, 3050
1973, 37, 74300, 5193
1974, 30, 74333, 1926
1975, 53, 74375, 7082
1976, 38, 74406, 7075
1977, 40, 74448, 720
1978, 41, 74480, 4799
1979, 6, 74520, 4510
1980, 45, 74563, 330
1981, 6, 74604, 3638
1982, 31, 74647, 2226
1983, 34, 74690, 849
1984, 19, 74725, 4129
1985, 14, 74756, 5866
1986, 29, 74786, 860
1987, 58, 74816, 4874
1988, 3, 74853, 4520
1989, 23, 74881, 1477
1990, 56, 74919, 2327
1991, 44, 74957, 4403
1992, 31, 74998, 3356
1993, 37, 75032, 5899
1994, 31, 75074, 4076
1995, 15, 75102, 1700
1996, 46, 75142, 4044
1997, 50, 75173, 5432
1998, 35, 75215, 5591
1999, 37, 75244, 5345
2000, 12, 75286, 6548
2001, 59, 75318, 6681
2002, 28, 75350, 4600
2003, 46, 75383, 2870
2004, 59, 75420, 4551
2005, 21, 75452, 3190
2006, 13, 75483, 3402
2007, 52, 75523, 5509
2008, 60, 75560, 3913
2009, 49, 75593, 1920
2010, 59, 75636, 284
2011, 39, 75651, 6881
2012, 43, 75666, 3048
2013, 46, 75685, 1119
2014, 39, 75702, 7195
2015, 38, 75718, 1733
2016, 4, 75732, 1752
2017, 31, 75751, 2086
2018, 50, 75767, 4859
2019, 40, 75781, 3809
2020, 3, 75800, 175
2021, 51, 75818, 4201
2022, 31, 75839, 7188
2023, 46, 75855, 2631
2024, 44, 75872, 7033
2025, 27, 75887, 4619
2026, 40, 75903, 1030
2027, 24, 75919, 607
2028, 13, 75933, 1593
2029, 28, 75952, 3266
2030, 3, 75968, 6981
2031, 25, 75982, 6545
2032, 16, 75999, 3715
2033, 26, 76014, 2425
2034, 40, 76034, 7127
2035, 43, 76050, 1461
2036, 30, 76065, 5202
2037, 25, 76079, 5762
2038, 59, 76093, 6139
2039, 49, 76107, 5222
2040, 14, 76122, 1098
2041, 39, 76142, 1062
2042, 15, 76159, 6223
2043, 24, 76175, 1726
2044, 32, 76194, 657
2045, 21, 76208, 4547
2046, 50, 76226, 3769
2047, 6, 76241, 4362
2048, 40, 76261, 87
2049, 15, 76281, 6763
2050, 55, 76299, 3218
2051, 50, 76320, 2545
2052, 41, 76338, 2636
2053, 17, 76356, 2441
2054, 52, 76377, 4342
2055, 15, 76395, 6012
2056, 11, 76409, 2264
2057, 19, 76424, 783
2058, 29, 76445, 3121
2059, 60, 76461, 472
2060, 55, 76482, 5146
2061, 53, 76503, 2984
2062, 31, 76517, 2021
2063, 33, 76537, 104
2064, 20, 76553, 1585
2065, 11, 76574, 1379
2066, 21, 76593, 4415
2067, 20, 76612, 4504
2068, 14, 76629, 4821
2069, 13, 76650, 89
2070, 54, 76671, 2112
2071, 41, 76688, 3720
2072, 26, 76709, 6285
2073, 5, 76724, 2252
2074, 32, 76741, 1106
2075, 3, 76757, 7166
2076, 18, 76776, 1607
2077, 27, 76791, 1177
2078, 39, 76806, 1403
2079, 29, 76822, 6209
2080, 11, 76838, 1830
2081, 5, 76852, 4255
2082, 21, 76866, 3033
2083, 58, 76887, 4351
2084, 51, 76906, 4660
2085, 18, 76925, 2013
2086, 46, 76940, 1315
2087, 18, 76958, 212
2088, 34, 76974, 3498
2089, 34, 76994, 2891
2090, 16, 77013, 2833
2091, 18, 77032, 566
2092, 51, 77053, 293
2093, 43, 77070, 3917
2094, 30, 77087, 5625
2095, 60, 77104, 5123
2096, 57, 77125, 5717
2097, 7, 77146, 274
2098, 44, 77162, 993
2099, 15, 77177, 5590
2100, 12, 77191, 1546
2101, 41, 77206, 724
2102, 31, 77225, 2413
2103, 18, 77241, 3547
2104, 13, 77259, 3372
2105, 30, 77275, 577
2106, 58, 77291, 5686
2107, 50, 77306, 3015
2108, 45, 77323, 1986
2109, 38, 77340, 5925
2110, 53, 77358, 4456
2111, 12, 77379, 6490
2112, 32, 77398, 394
2113, 16, 77413, 2396
2114, 13, 77428, 4055
2115, 34, 77447, 6992
2116, 41, 77461, 430
2117, 35, 77477, 6957
2118, 9, 77498, 4338
2119, 26, 77514, 4431
2120, 12, 77533, 6322
2121, 45, 77552, 2489
2122, 38, 77569, 3086
2123, 17, 77588, 3065
2124, 53, 77608, 3140
2125, 19, 77626, 3378
2126, 60, 77643, 859
2127, 10, 77664, 1284
2128, 32, 77684, 5204
2129, 56, 77701, 5663
2130, 15, 77721, 3285
2131, 60, 77738, 1707
2132, 34, 77754, 194
2133, 29, 77774, 7004
2134, 58, 77795, 1131
2135, 15, 77815, 5415
2136, 56, 77831, 3328
2137, 43, 77846, 1667
2138, 47, 77867, 5671
2139, 56, 77881, 7139
2140, 15, 77898, 3399
2141, 48, 77919, 5923
2142, 32, 77940, 6814
2143, 37, 77961, 5051
2144, 52, 77976, 6329
2145, 59, 77993, 6382
2146, 59, 78008, 496
2147, 51, 78029, 6689
2148, 36, 78046, 2525
2149, 31, 78060, 5351
2150, 50, 78078, 3575
2151, 40, 78093, 6898
2152, 26, 78107, 7017
2153, 15, 78126, 5979
2154, 26, 78145, 2760
2155, 32, 78166, 5891
2156, 36, 78186, 3414
2157, 16, 78200, 7020
2158, 49, 78214, 1113
2159, 31, 78231, 6003
2160, 58, 78250, 5654
2161, 55, 78264, 5473
2162, 7, 78284, 1503
2163, 56, 78301, 3104
2164, 57, 78317, 6658
2165, 23, 78332, 1061
2166, 28, 78353, 1125
2167, 28, 78369, 2521
2168, 57, 78390, 3819
2169, 15, 78411, 4703
2170, 58, 78426, 1071
2171, 37, 78443, 4966
2172, 36, 78462, 6761
2173, 14, 78482, 7004
2174, 5, 78502, 253
2175, 54, 78520, 3251
2176, 35, 78535, 1476
2177, 18, 78553, 7016
2178, 27, 78571, 3502
2179, 60, 78586, 2575
2180, 51, 78607, 550
2181, 56, 78626, 6525
2182, 26, 78642, 3400
2183, 42, 78662, 7168
2184, 36, 78676, 383
2185, 7, 78690, 5531
2186, 26, 78710, 3350
2187, 47, 78731, 7184
2188, 41, 78752, 1028
2189, 18, 78770, 92
2190, 7, 78785, 2571
2191, 38, 78805, 1784
2192, 9, 78823, 3352
2193, 37, 78839, 1159
2194, 46, 78860, 4837
2195, 31, 78881, 1699
2196, 22, 78899, 1659
2197, 49, 78916, 5309
2198, 44, 78937, 2560
2199, 24, 78955, 5575
2200, 17, 78974, 5278
2201, 37, 78991, 1747
2202, 47, 79011, 2796
2203, 20, 79030, 171
2204, 7, 79050, 6519
2205, 33, 79067, 541
2206, 26, 79087, 2666
2207, 17, 79105, 3281
2208, 57, 79123, 261
2209, 22, 79142, 2955
2210, 12, 79163, 1449
2211, 32, 79178, 2958
2212, 11, 79194, 3912
2213, 35, 79214, 4580
2214, 25, 79230, 6380
2215, 52, 79250, 5494
2216, 43, 79267, 5242
2217, 3, 79286, 1833
2218, 35, 79300, 1242
2219, 15, 79317, 3178
2220, 21, 79338, 6838
2221, 38, 79352, 6016
2222, 29, 79369, 5175
2223, 22, 79386, 944
2224, 14, 79405, 348
2225, 23, 79419, 1357
2226, 21, 79440, 6162
2227, 39, 79454, 2865
2228, 58, 79473, 265
2229, 12, 79494, 1189
2230, 23, 79512, 6922
2231, 56, 79526, 4097
2232, 10, 79544, 776
2233, 17, 79565, 5431
2234, 25, 79584, 3800
2235, 28, 79601, 5491
2236, 41, 79615, 3015
2237, 35, 79635, 2679
2238, 49, 79651, 5805
2239, 36, 79672, 1142
2240, 50, 79690, 1290
2241, 44, 79706, 6782
2242, 49, 79725, 4770
2243, 39, 79740, 3069
2244, 54, 79754, 2470
2245, 21, 79768, 110
2246, 13, 79783, 1207
2247, 59, 79797, 1939
2248, 33, 79818, 6334
2249, 50, 79835, 1303
2250, 32, 79855, 3714
2251, 51, 79871, 1863
2252, 21, 79889, 252
2253, 49, 79904, 4605
2254, 38, 79925, 4269
2255, 44, 79940, 2110
2256, 43, 79956, 15
2257, 13, 79976, 898
2258, 24, 79990, 432
2259, 43, 80006, 6444
2260, 15, 80023, 532
2261, 18, 80040, 1432
2262, 20, 80058, 4400
2263, 11, 80073, 5183
2264, 30, 80093, 1959
2265, 10, 80107, 5690
2266, 43, 80121, 3183
2267, 51, 80135, 4371
2268, 6, 80153, 2712
2269, 19, 80172, 437
2270, 56, 80187, 190
2271, 7, 80201, 3257
2272, 35, 80221, 7136
2273, 17, 80239, 757
2274, 21, 80254, 3057
2275, 32, 80272, 5191
2276, 10, 80292, 428
2277, 54, 80311, 5976
2278, 57, 80330, 1022
2279, 28, 80349, 404
2280, 6, 80363, 288
2281, 45, 80384, 5634
2282, 41, 80403, 5493
2283, 29, 80424, 6029
2284, 33, 80445, 3087
2285, 22, 80462, 4288
2286, 7, 80479, 778
2287, 14, 80498, 5080
2288, 12, 80514, 4902
2289, 15, 80530, 2649
2290, 40, 80544, 4681
2291, 48, 80558, 4812
2292, 56, 80579, 3598
2293, 48, 80598, 3018
2294, 4, 80616, 2818
2295, 6, 80636, 631
2296, 44, 80657, 5472
2297, 26, 80675, 6724
2298, 56, 80691, 4072
2299, 9, 80706, 7020
2300, 60, 80722, 2228
2301, 58, 80739, 2875
2302, 3, 80753, 4307
2303, 11, 80768, 6106
2304, 58, 80785, 6428
2305, 11, 80800, 5343
2306, 7, 80821, 1785
2307, 58, 80835, 5290
2308, 30, 80856, 6955
2309, 5, 80874, 4889
2310, 37, 80892, 6384
2311, 15, 80906, 1875
2312, 22, 80925, 6618
2313, 10, 80940, 5553
2314, 43, 80955, 1547
2315, 48, 80972, 1115
2316, 30, 80990, 3949
2317, 11, 81006, 1235
2318, 15, 81024, 3907
2319, 50, 81041, 5822
2320, 31, 81060, 999
2321, 18, 81074, 1027
2322, 37, 81094, 82
2323, 57, 81111, 1549
2324, 38, 81129, 2946
2325, 56, 81147, 1224
2326, 35, 81161, 601
2327, 40, 81178, 2393
2328, 17, 81196, 6294
2329, 42, 81212, 218
2330, 9, 81230, 1541
2331, 12, 81248, 2363
2332, 22, 81262, 4635
2333, 59, 81283, 6196
2334, 17, 81302, 1145
2335, 22, 81321, 4027
2336, 7, 81336, 4814
2337, 15, 81354, 566
2338, 11, 81370, 6681
2339, 10, 81387, 4166
2340, 24, 81402, 4652
2341, 44, 81418, 2726
2342, 44, 81437, 4070
2343, 31, 81453, 5561
2344, 47, 81468, 5297
2345, 49, 81488, 3121
2346, 45, 81507, 2639
2347, 47, 81522, 1193
2348, 3, 81541, 5916
2349, 57, 81562, 5460
2350, 59, 81578, 2487
2351, 54, 81599, 7192
2352, 6, 81614, 2957
2353, 52, 81629, 5759
2354, 11, 81645, 6039
2355, 20, 81662, 2199
2356, 58, 81683, 3567
2357, 38, 81697, 2445
2358, 16, 81718, 2483
2359, 23, 81735, 6430
2360, 13, 81756, 6393
2361, 29, 81772, 6026
2362, 31, 81791, 5748
2363, 31, 81809, 4911
2364, 24, 81828, 2405
2365, 6, 81845, 4545
2366, 29, 81863, 3573
2367, 48, 81877, 4367
2368, 10, 81898, 4072
2369, 7, 81917, 5386
2370, 19, 81933, 1987
2371, 56, 81948, 6841
2372, 8, 81967, 6002
2373, 41, 81988, 4487
2374, 44, 82008, 3717
2375, 12, 82022, 1101
2376, 55, 82040, 1569
2377, 28, 82061, 1336
2378, 9, 82077, 2330
2379, 47, 82091, 6217
2380, 50, 82111, 6870
2381, 25, 82130, 6729
2382, 33, 82146, 895
2383, 35, 82160, 367
2384, 41, 82174, 5873
2385, 34, 82189, 500
2386, 33, 82207, 3234
2387, 38, 82221, 4738
2388, 46, 82236, 4112
2389, 25, 82256, 1725
2390, 28, 82273, 50
2391, 22, 82289, 2082
2392, 10, 82303, 7007
2393, 4, 82318, 6020
2394, 40, 82332, 1119
2395, 17, 82346, 738
2396, 11, 82360, 6687
2397, 25, 82375, 2170
2398, 35, 82396, 3545
2399, 26, 82417, 5188
2400, 32, 82438, 5605
2401, 12, 82458, 3327
2402, 57, 82478, 7012
2403, 9, 82495, 1069
2404, 15, 82516, 608
2405, 53, 82534, 1923
2406, 31, 82554, 471
2407, 18, 82572, 6951
2408, 37, 82591, 2868
2409, 60, 82607, 2154
2410, 39, 82625, 5180
2411, 42, 82639, 3968
2412, 42, 82656, 1565
2413, 53, 82675, 29
2414, 41, 82692, 1689
2415, 51, 82713, 245
2416, 32, 82729, 3155
2417, 60, 82750, 3924
2418, 16, 82765, 4398
2419, 56, 82780, 2714
2420, 4, 82795, 4780
2421, 16, 82816, 4113
2422, 35, 82835, 4241
2423, 21, 82858, 2722
2424, 6, 82877, 1710
2425, 25, 82900, 2261
2426, 53, 82924, 592
2427, 43, 82943, 1461
2428, 6, 82964, 6559
2429, 34, 82985, 2533
2430, 58, 83008, 2772
2431, 35, 83027, 4664
2432, 37, 83054, 4997
2433, 38, 83081, 4256
2434, 3, 83100, 3603
2435, 28, 83122, 2342
2436, 50, 83144, 6963
2437, 36, 83172, 4778
2438, 23, 83197, 790
2439, 13, 83218, 4012
2440, 52, 83244, 324
2441, 38, 83267, 4142
2442, 30, 83295, 896
2443, 25, 83320, 6422
2444, 24, 83344, 6772
2445, 7, 83369, 5615
2446, 49, 83392, 5755
2447, 49, 83416, 1227
2448, 3, 83440, 1605
2449, 55, 83463, 1423
2450, 25, 83488, 4983
2451, 40, 83514, 2704
2452, 56, 83537, 292
2453, 47, 83561, 297
2454, 29, 83580, 1411
2455, 41, 83602, 1473
2456, 42, 83622, 4994
2457, 60, 83645, 456
2458, 44, 83668, 5284
2459, 55, 83687, 2717
2460, 55, 83708, 5692
2461, 15, 83730, 6916
2462, 56, 83756, 2688
2463, 59, 83784, 638
2464, 51, 83804, 6795
2465, 55, 83823, 1455
2466, 56, 83848, 1467
2467, 45, 83876, 2321
2468, 46, 83898, 628
2469, 38, 83917, 6660
2470, 15, 83939, 4629
2471, 7, 83964, 259
2472, 13, 83988, 7050
2473, 16, 84007, 5306
2474, 21, 84029, 6747
2475, 36, 84050, 4926
2476, 11, 84077, 6660
2477, 21, 84104, 2100
2478, 27, 84128, 373
2479, 7, 84150, 5584
2480, 52, 84175, 4137
2481, 10, 84194, 5470
2482, 30, 84222, 319
2483, 46, 84243, 5889
2484, 12, 84268, 5649
2485, 56, 84288, 4370
2486, 22, 84308, 1558
2487, 53, 84329, 3107
2488, 16, 84355, 6106
2489, 27, 84382, 2777
2490, 49, 84409, 2181
2491, 3, 84429, 6588
2492, 57, 84451, 5804
2493, 57, 84479, 1048
2494, 46, 84506, 4755
2495, 22, 84531, 3919
2496, 57, 84556, 6654
2497, 26, 84583, 4119
2498, 29, 84609, 6378
2499, 47, 84630, 2165
2500, 24, 84658, 4647
2501, 57, 84684, 4227
2502, 54, 84705, 3152
2503, 50, 84730, 4889
2504, 26, 84753, 5667
2505, 40, 84778, 1377
2506, 11, 84806, 6063
2507, 12, 84832, 4508
2508, 33, 84854, 4373
2509, 49, 84878, 6490
2510, 28, 84902, 5316
2511, 50, 84924, 3879
2512, 4, 84949, 3367
2513, 23, 84969, 2933
2514, 36, 84997, 270
2515, 59, 85024, 4316
2516, 55, 85051, 2864
2517, 21, 85071, 3054
2518, 22, 85094, 4580
2519, 17, 85118, 6671
2520, 39, 85144, 5436
2521, 41, 85169, 4142
2522, 32, 85195, 3641
2523, 38, 85219, 7048
2524, 14, 85238, 6090
2525, 17, 85258, 5448
2526, 58, 85286, 7128
2527, 9, 85313, 5718
2528, 8, 85338, 1449
2529, 58, 85363, 3933
2530, 26, 85391, 4504
2531, 58, 85415, 2973
2532, 40, 85435, 7152
2533, 60, 85456, 6914
2534, 43, 85480, 4828
2535, 43, 85506, 2920
2536, 31, 85532, 2781
2537, 49, 85559, 4024
2538, 30, 85581, 592
2539, 60, 85601, 6770
2540, 3, 85625, 4030
2541, 7, 85650, 5066
2542, 44, 85677, 741
2543, 38, 85703, 315
2544, 44, 85730, 760
2545, 20, 85753, 363
2546, 25, 85775, 7137
2547, 16, 85800, 7087
2548, 33, 85821, 2246
2549, 6, 85849, 3296
2550, 9, 85875, 5142
2551, 33, 85897, 1545
2552, 5, 85922, 4546
2553, 6, 85944, 5122
2554, 43, 85970, 145
2555, 4, 85993, 1112
2556, 9, 86015, 6446
2557, 12, 86034, 92
2558, 4, 86061, 1972
2559, 16, 86086, 3660
2560, 54, 86109, 773
2561, 3, 86134, 6250
2562, 10, 86162, 6496
2563, 32, 86186, 2140
2564, 17, 86213, 3726
2565, 31, 86233, 1910
2566, 50, 86255, 4684
2567, 3, 86281, 7107
2568, 9, 86305, 3542
2569, 33, 86332, 4489
2570, 27, 86354, 2953
2571, 16, 86381, 1024
