1,32,5094,12072
2,15,5170,2
3,18,6742,24089
4,59,7287,9053
5,47,7454,8843
6,44,8071,8
7,60,8184,82
8,19,9213,652
9,60,10431,107
10,5,10988,15613
11,3,11493,36
12,55,11565,16551
13,44,37264,4
14,6,37619,36
15,18,38486,24
16,7,38530,10
17,19,38721,95
18,55,38745,7
19,57,38956,328
20,28,39338,14899
21,31,39509,14718
22,12,39571,187
23,32,39641,320
24,36,40091,87
25,19,40308,147
26,21,40439,14915
27,24,40579,24263
28,49,40585,1401
29,55,40625,12635
30,8,40767,17
31,41,40790,43
32,19,40913,163
33,37,41176,35
34,11,41285,32
35,43,41496,22604
36,20,41515,8960
37,36,41825,13628
38,16,41848,11073
39,20,41899,11516
40,54,41947,42
41,34,41968,42
42,59,42006,13284
43,42,42218,92
44,58,42458,6507
45,57,42556,16
46,50,42563,7577
47,16,55379,16
48,47,57653,933
49,39,58207,1
50,33,58285,297
51,11,58429,262
52,22,58540,1368
53,32,58636,12894
54,20,58849,8268
55,42,58881,2
56,60,58907,4
57,19,58913,74
58,57,58964,13
59,13,59069,12
60,55,59145,14974
61,60,59210,120
62,10,59359,5
63,33,59413,1182
64,19,59441,135
65,34,59533,4
66,57,59544,7387
67,23,59575,326
68,26,59598,5517
69,52,59674,15222
70,47,62787,543
71,6,62964,4
72,9,62977,16297
73,47,63084,7
74,24,63388,8319
75,30,63568,13181
76,32,63895,633
77,46,64514,53
78,23,64564,3769
79,52,64624,16
80,47,64640,54
81,45,64660,8470
82,35,64754,11408
83,33,64889,290
84,44,67705,9015
85,27,68374,24
86,18,68527,147
87,39,68910,8073
88,40,72478,99
89,13,72535,21359
90,35,72726,27
91,14,95240,11748
92,44,96646,438
93,31,96747,7020
94,57,97330,8770
95,13,97371,5467
96,46,97865,12857
97,53,99243,7467
98,9,100524,8
99,57,102309,111
100,41,102523,6
101,29,105414,17444
102,47,105902,114
103,35,106171,14412
104,28,107598,7494
105,21,107971,10
106,29,108332,3
107,15,111448,11
108,44,113742,8647
109,40,113813,29
110,50,113841,2
111,3,114518,1434
112,9,115343,529
113,45,115957,20527
114,47,118357,16398
115,35,118421,12200
116,31,118898,196
117,6,118921,14
118,20,120273,13655
119,36,120285,8899
120,47,120523,225
121,45,120585,220
122,49,120658,6
123,31,122175,441
124,19,122534,14
125,12,123305,117
126,4,123482,85
127,18,123632,2307
128,9,123996,15
129,16,124041,564
130,40,124385,9770
131,21,144732,25551
132,40,144757,14178
133,23,144934,8257
134,57,144971,14552
135,56,145059,16366
136,40,145339,22018
137,43,145477,4988
138,11,145603,421
139,38,146775,126
140,9,146786,5
141,31,146823,128
142,11,146829,136
143,39,146852,7
144,38,146887,6
145,31,147500,130
146,52,147546,10
147,12,147609,26722
148,8,147662,53
149,8,147948,29
150,46,148121,89
151,22,149578,160
152,44,149609,12143
153,12,151287,2
154,50,151552,7925
155,9,151609,219
156,45,151805,734
157,12,151893,44
158,49,152025,6105
159,5,153277,4823
160,40,153327,12
161,39,154346,524
162,5,154578,4
163,26,154665,21
164,57,154680,6596
165,39,155265,52
166,47,158863,2004
167,22,158961,18372
168,53,158989,6392
169,20,159092,26
170,27,159243,2167
171,36,159804,8012
172,20,161028,10636
173,26,161105,5
174,18,161404,27712
175,40,161440,9814
176,6,161473,31
177,48,161510,48
178,26,161946,125
179,37,162029,7063
180,35,162241,488
181,19,163411,16
182,12,163484,33
183,15,163555,10176
184,22,163609,535
185,23,164136,8
186,11,164155,14
187,17,164458,3
188,60,174880,22
189,30,175430,19459
190,19,176829,8928
191,32,176896,8171
192,6,177004,43
193,24,177075,35
194,23,177141,21
195,7,177552,88
196,59,177945,11586
197,19,178277,9480
198,9,179691,25457
199,15,180596,15857
200,24,180635,73
201,47,180982,16
202,22,184241,16211
203,30,184301,63
204,44,184574,48
205,38,184803,4938
206,30,185011,30744
207,38,185149,4648
208,60,185213,6303
209,20,186103,21
210,33,186223,11470
211,40,186957,11910
212,31,188673,5
213,7,189768,78
214,16,197291,10
215,58,197302,10111
216,24,197502,112
217,43,197535,18
218,38,197857,14
219,55,198823,2
220,26,199399,30
221,51,199519,15338
222,34,199920,348
223,45,200611,16
224,17,200989,203
225,40,201049,5141
226,32,201217,3
227,24,201661,8455
228,26,202479,7659
229,12,202501,142
230,44,202930,94
231,54,203366,2912
232,31,203547,23
233,14,203634,17
234,35,203726,12278
235,13,203737,8
236,11,203889,27668
237,55,204131,62
238,43,204169,390
239,22,204360,4508
240,25,204414,5
241,23,204496,61
242,54,204585,22
243,58,205655,19
244,30,205843,11485
245,59,206898,3598
246,21,208347,25272
247,21,208441,67
248,34,208685,829
249,8,209725,854
250,6,211753,6489
251,17,211788,24
252,42,211827,8091
253,14,212190,185
254,13,227377,30
255,14,227430,4550
256,36,227490,4891
257,34,227503,38466
258,55,227519,18908
259,38,227522,8770
260,32,227730,14774
261,12,227803,4
262,57,227926,59
263,3,228019,113
264,5,228075,30460
265,51,228458,1032
266,14,228490,6
267,56,228511,71
268,44,228647,32
269,52,228693,5027
270,42,228741,12
271,3,228842,21
272,49,228953,15715
273,60,233484,11459
274,37,313843,9019
275,25,313883,66
276,51,314698,391
277,36,314713,97
278,10,314749,20
279,7,315592,6691
280,34,315661,29
281,24,315727,50
282,24,315805,3
283,53,315837,7298
284,12,315853,98
285,35,315859,27
286,5,315917,11
287,24,315924,8758
288,30,316920,2
289,36,316980,395
290,14,317048,1567
291,58,317545,4
292,55,317734,12468
293,26,317746,8666
294,35,317789,7876
295,45,317846,17
296,28,319369,8516
297,21,319512,137
298,37,319527,20821
299,39,319898,295
300,42,320038,16848
301,59,320156,7502
302,55,320250,23
303,8,320269,2261
304,49,320403,8
305,14,320513,1147
306,34,320531,81
307,39,322663,5
308,40,322744,9522
309,29,323739,128
310,36,323788,218
311,59,323980,1858
312,23,324147,1370
313,43,324218,14
314,37,324248,236
315,17,324283,5
316,25,324405,2
317,58,324452,13484
318,58,324480,13
319,52,324590,10059
320,28,324633,9954
321,33,324661,39
322,58,324683,12251
323,27,324715,7
324,58,324933,64
325,24,325059,8320
326,46,325508,15454
327,6,325566,21
328,17,326300,64
329,5,326372,97
330,9,326413,138
331,45,326712,13757
332,48,326737,15
333,9,327068,32
334,46,327085,7690
335,11,327237,5935
336,57,327256,35
337,36,327394,25
338,6,327727,75
339,9,327818,19
340,32,328054,6607
341,59,328201,32
342,18,328258,20
343,26,328330,29
344,57,328735,53754
345,3,329121,11
346,16,329163,9300
347,35,329175,25129
348,4,329192,6
349,48,329243,28
350,36,329260,8208
351,30,339819,194
352,23,339857,180
353,38,339862,4684
354,58,341609,17
355,13,341674,16
356,15,341690,6142
357,16,341834,228
358,30,346827,150
359,54,347023,9595
360,47,347075,12579
361,13,347445,18619
362,27,347950,142
363,50,348451,2562
364,13,348511,3
365,19,349130,12
366,36,349216,334
367,54,349330,11
368,9,349361,8275
369,55,351766,678
370,33,351829,504
371,15,352230,10206
372,35,352289,17
373,58,352421,6254
374,36,357644,14509
375,38,359272,10
376,32,359775,8854
377,7,360029,163
378,13,361517,2834
379,54,361670,9638
380,25,371966,17765
381,7,372478,115
382,24,372657,3
383,60,372815,69
384,59,376867,1599
385,39,376903,32
386,48,376936,168
387,28,378532,10419
388,58,378592,111
389,31,378603,8944
390,30,378686,22
391,32,379480,11452
392,13,379592,19
393,29,380192,57
394,9,380343,21114
395,54,380449,10
396,42,380522,16
397,17,380691,111
398,49,381026,11392
399,44,381035,26
400,55,381919,31
401,37,381962,7662
402,56,383564,43
403,38,383770,20
404,33,384045,100
405,45,384069,12
406,16,386070,164
407,49,386105,58
408,34,386123,270
409,9,386139,12461
410,37,386169,8
411,42,386182,7789
412,58,386294,124
413,13,386329,4
414,46,386863,142
415,46,388921,98
416,23,389161,545
417,34,389477,9
418,40,389523,73
419,32,389587,112
420,53,389656,7530
421,47,389868,19312
422,41,389995,89
423,15,390118,5777
424,43,390306,59
425,56,390388,119
426,10,390564,4
427,53,390693,6793
428,50,390728,31
429,46,390780,15
430,10,390799,17
431,10,390835,54
432,38,391744,39
433,17,391781,25
434,33,392360,31
435,43,392454,21
436,36,392498,207
437,51,392540,10741
438,11,392611,10663
439,43,392634,8
440,32,392643,5
441,7,392682,14593
442,14,393480,9
443,57,393502,239
444,5,393549,43
445,9,394760,34
446,15,394856,6
447,7,395065,5
448,3,395085,24
449,4,395181,308
450,50,402619,14444
451,36,402818,25
452,6,405204,14010
453,19,405938,8321
454,33,405983,17
455,41,406098,19
456,35,406310,4516
457,28,406506,145
458,40,406548,3
459,37,406657,18
460,13,406687,16890
461,35,406784,24053
462,27,406870,43
463,31,406879,10388
464,3,409222,4437
465,47,409393,10151
466,45,409401,55
467,25,409459,192
468,14,410897,15
469,44,411361,8115
470,13,411424,8418
471,15,411473,77
472,59,411615,13
473,28,411627,14094
474,36,411662,16
475,27,411758,89
476,15,411897,176
477,37,415227,4
478,46,415430,5
479,23,415874,11043
480,40,416253,7941
481,42,416363,306
482,12,416442,15247
483,13,416606,6
484,27,417850,565
485,5,418482,11611
486,11,420171,8
487,16,420231,14
488,27,420992,285
489,7,421682,58
490,40,421736,10437
491,42,421860,4
492,45,422309,28
493,48,422368,6301
494,4,423699,25
495,41,423882,52
496,60,424044,20577
497,58,424053,10561
498,3,424933,55
499,21,471481,24490
500,47,471549,136